0.524850589217488 0.771779427489543 0.735157777517306 0.745143033454833 0.64740882854256 0.734240164065556 0.729287426283746 0.684868729048085 0.775099079571043 0.749798403808084 0.783577738808054 0.748299228537699 0.752952604381603 0.827865679721596 0.70579433259705 0.640484866150101 0.664211966805613 0.905964821400733 0.83245036095285 0.68987318492112 0.74015040548607 0.731763771982682 
0.771779427489543 0.395828794471702 0.708385895998768 0.803944740587852 0.824103617636416 0.618886278040076 0.743637225281269 0.80010939188013 0.658065260067553 0.857838006600156 0.837086528355638 0.52620365508217 0.787910740789994 0.887222973667792 0.766498662495947 0.740129532713826 0.750433399923661 0.858535110809141 0.812435181345196 0.844585419663552 0.756165341485279 0.681261774852642 
0.735157777517306 0.708385895998768 0.441430328518418 0.579876736539277 0.801353919329147 0.677952141701818 0.675884716803096 0.703314044263357 0.650263388874543 0.875541596257781 0.879002626583275 0.673633240437128 0.82635082668006 0.882569505056012 0.782544629349892 0.645186759593486 0.681041775833198 0.918986601860265 0.782267531702378 0.84812358647847 0.510653532528847 0.676918429252457 
0.745143033454833 0.803944740587852 0.579876736539277 0.400391072260749 0.900645186666826 0.667705094816423 0.552529647801654 0.726205028046744 0.701445791995774 0.93916366141265 0.94986675517959 0.699182812413103 0.88381124946873 0.995755034732989 0.749157748852032 0.699113700345008 0.731748511666975 0.981866199314473 0.909072962723501 0.878841071326113 0.490133881208044 0.610117394501008 
0.64740882854256 0.824103617636416 0.801353919329147 0.900645186666826 0.132482500383711 0.861827721054602 0.888047401787461 0.794014913456616 0.787921455479745 0.711731615853603 0.831336775361705 0.868369758098949 0.725361304208735 0.853945698416179 0.83334042234524 0.667990587956772 0.7072674400941 0.966442704912759 0.722403307694302 0.663680035800979 0.850999529806017 0.874937584613001 
0.734240164065556 0.618886278040076 0.677952141701818 0.667705094816423 0.861827721054602 0.471821780663621 0.595188352881767 0.793257231824187 0.629011613471324 0.837515997240527 0.800343120545315 0.616606739391425 0.756629691091784 0.857123508414302 0.7261968644736 0.70481822899908 0.719223503186832 0.958702802661343 0.843411442184717 0.807444084046397 0.672828618259121 0.533505089964663 
0.729287426283746 0.743637225281269 0.675884716803096 0.552529647801654 0.888047401787461 0.595188352881767 0.461979433640053 0.760344441559879 0.717396115168907 0.881264075495982 0.868549032020549 0.639138618724352 0.835748630038786 0.935650310004733 0.745198926100506 0.707577284802066 0.7316249912392341 0.83954835588188 0.832787201112918 0.614207205494344 0.52858389326091 0.5335 
0.684868729048085 0.80010939188013 0.703314044263357 0.726205028046744 0.794014913456616 0.793257231824187 0.760344441559879 0.345227396561846 0.798125458070381 0.969963663286561 0.952770111414684 0.787025828014758 0.908361943333021 0.954661648419303 0.810093256299507 0.697873440218316 0.785788814763748 0.915532297205827 0.920185070058532 0.892854401235074 0.71475955934702 0.776800859884002 
0.775099079571043 0.658065260067553 0.650263388874543 0.701445791995774 0.787921455479745 0.629011613471324 0.717396115168907 0.798125458070381 0.320365930310823 0.847593974670752 0.80812388704639 0.697509419070394 0.829660181527253 0.700569228329436 0.772868197673688 0.718436321369632 0.742147837021869 0.747889704746287 0.579268875027616 0.831054621864915 0.67585456724319 0.673203864320115 
0.749798403808084 0.857838006600156 0.875541596257781 0.93916366141265 0.711731615853603 0.837515997240527 0.881264075495982 0.969963663286561 0.847593974670752 0.467127215882491 0.572930556240363 0.852858226982307 0.58807621085155 0.68503905086959 0.87589467079626 0.82898868125222 0.730022797241844 0.784243487474736 0.781656794386542 0.522322107971882 0.907352628835215 0.859390059560224 
0.783577738808054 0.837086528355638 0.879002626583275 0.94986675517959 0.831336775361705 0.800343120545315 0.868549032020549 0.952770111414684 0.80812388704639 0.572930556240363 0.464960668507583 0.838051592576288 0.544566174967544 0.620672755424404 0.83408400326042 0.836119608777455 0.780275387935547 0.745774968230481 0.729409694345153 0.621158395258597 0.914434714073402 0.834446076282932 
0.748299228537699 0.52620365508217 0.673633240437128 0.699182812413103 0.868369758098949 0.616606739391425 0.639138618724352 0.787025828014758 0.697509419070394 0.852858226982307 0.838051592576288 0.486571270057633 0.782328248277637 0.91454204650667 0.744523622342531 0.717987742302156 0.719810213622619 0.894858929513437 0.839008446839855 0.827971852556407 0.686408026425115 0.627872702249858 
0.752952604381603 0.787910740789994 0.82635082668006 0.88381124946873 0.725361304208735 0.756629691091784 0.835748630038786 0.908361943333021 0.829660181527253 0.58807621085155 0.544566174967544 0.782328248277637 0.400962475996892 0.632712866213369 0.857802337351589 0.803771542962172 0.730131938648707 0.844201778109722 0.777420502915996 0.631584344994085 0.855081038074395 0.796189160565285 
0.827865679721596 0.887222973667792 0.882569505056012 0.995755034732989 0.853945698416179 0.857123508414302 0.935650310004733 0.954661648419303 0.700569228329436 0.68503905086959 0.620672755424404 0.91454204650667 0.632712866213369 0.326131314691969 0.886724485482685 0.821367336347145 0.822034615683792 0.563117199178244 0.450291423326863 0.725946947813941 0.9391622698945 0.896386909209517 
0.70579433259705 0.766498662495947 0.782544629349892 0.749157748852032 0.83334042234524 0.7261968644736 0.745198926100506 0.810093256299507 0.772868197673688 0.87589467079626 0.83408400326042 0.744523622342531 0.857802337351589 0.886724485482685 0.292097192718816 0.696692644300548 0.744341565384632 0.905810919493393 0.93832244230731 0.823003344235569 0.765851189100962 0.735697872095084 
0.640484866150101 0.740129532713826 0.645186759593486 0.699113700345008 0.667990587956772 0.70481822899908 0.707577284802066 0.697873440218316 0.718436321369632 0.82898868125222 0.836119608777455 0.717987742302156 0.803771542962172 0.821367336347145 0.696692644300548 0.534858063061469 0.611795008782103 0.86930059097312 0.787786431835301 0.786705036697348 0.672150206777278 0.706197780092542 
0.664211966805613 0.750433399923661 0.681041775833198 0.731748511666975 0.7072674400941 0.719223503186832 0.731624991239234 0.785788814763748 0.742147837021869 0.730022797241844 0.780275387935547 0.719810213622619 0.730131938648707 0.822034615683792 0.744341565384632 0.611795008782103 0.495314039439428 0.948077819446531 0.819114282927274 0.705771187011829 0.706395143750087 0.725424247213033 
0.905964821400733 0.858535110809141 0.918986601860265 0.981866199314473 0.966442704912759 0.9587028026613431 0.915532297205827 0.747889704746287 0.784243487474736 0.745774968230481 0.894858929513437 0.844201778109722 0.563117199178244 0.905810919493393 0.86930059097312 0.948077819446531 0.518533050434601 0.882294633837537 0.950426423779338 0.979351401330672 0.97924 0.97935
0.83245036095285 0.812435181345196 0.782267531702378 0.909072962723501 0.722403307694302 0.843411442184717 0.83954835588188 0.920185070058532 0.579268875027616 0.781656794386542 0.729409694345153 0.839008446839855 0.777420502915996 0.450291423326863 0.93832244230731 0.787786431835301 0.819114282927274 0.518533050434601 0.283486060953968 0.800481066377874 0.84567024721294 0.841479875841329 
0.68987318492112 0.844585419663552 0.84812358647847 0.878841071326113 0.663680035800979 0.807444084046397 0.832787201112918 0.892854401235074 0.831054621864915 0.522322107971882 0.621158395258597 0.827971852556407 0.631584344994085 0.725946947813941 0.823003344235569 0.786705036697348 0.705771187011829 0.882294633837537 0.800481066377874 0.494023823811167 0.863482328902291 0.820115619387688 
0.74015040548607 0.756165341485279 0.510653532528847 0.490133881208044 0.850999529806017 0.672828618259121 0.614207205494344 0.71475955934702 0.67585456724319 0.907352628835215 0.914434714073402 0.686408026425115 0.855081038074395 0.9391622698945 0.765851189100962 0.672150206777278 0.706395143750087 0.950426423779338 0.84567024721294 0.863482328902291 0.500393730060415 0.643517911876733 
0.731763771982682 0.681261774852642 0.676918429252457 0.610117394501008 0.874937584613001 0.533505089964663 0.52858389326091 0.776800859884002 0.673203864320115 0.859390059560224 0.834446076282932 0.627872702249858 0.796189160565285 0.896386909209517 0.735697872095084 0.706197780092542 0.725424247213033 0.979351401330672 0.841479875841329 0.820115619387688 0.643517911876733 0.531044468420818 
0.524850589217488 0.771779427489543 0.735157777517306 0.745143033454833 0.64740882854256 0.734240164065556 0.729287426283746 0.684868729048085 0.775099079571043 0.749798403808084 0.783577738808054 0.748299228537699 0.752952604381603 0.827865679721596 0.70579433259705 0.640484866150101 0.664211966805613 0.905964821400733 0.83245036095285 0.68987318492112 0.74015040548607 0.731763771982682 
0.771779427489543 0.395828794471702 0.708385895998768 0.803944740587852 0.824103617636416 0.618886278040076 0.743637225281269 0.80010939188013 0.658065260067553 0.857838006600156 0.837086528355638 0.52620365508217 0.787910740789994 0.887222973667792 0.766498662495947 0.740129532713826 0.750433399923661 0.858535110809141 0.812435181345196 0.844585419663552 0.756165341485279 0.681261774852642 
0.735157777517306 0.708385895998768 0.441430328518418 0.579876736539277 0.801353919329147 0.677952141701818 0.675884716803096 0.703314044263357 0.650263388874543 0.875541596257781 0.879002626583275 0.673633240437128 0.82635082668006 0.882569505056012 0.782544629349892 0.645186759593486 0.681041775833198 0.918986601860265 0.782267531702378 0.84812358647847 0.510653532528847 0.676918429252457 
0.745143033454833 0.803944740587852 0.579876736539277 0.400391072260749 0.900645186666826 0.667705094816423 0.552529647801654 0.726205028046744 0.701445791995774 0.93916366141265 0.94986675517959 0.699182812413103 0.88381124946873 0.995755034732989 0.749157748852032 0.699113700345008 0.731748511666975 0.981866199314473 0.909072962723501 0.878841071326113 0.490133881208044 0.610117394501008 
0.64740882854256 0.824103617636416 0.801353919329147 0.900645186666826 0.132482500383711 0.861827721054602 0.888047401787461 0.794014913456616 0.787921455479745 0.711731615853603 0.831336775361705 0.868369758098949 0.725361304208735 0.853945698416179 0.83334042234524 0.667990587956772 0.7072674400941 0.966442704912759 0.722403307694302 0.663680035800979 0.850999529806017 0.874937584613001 
0.734240164065556 0.618886278040076 0.677952141701818 0.667705094816423 0.861827721054602 0.471821780663621 0.595188352881767 0.793257231824187 0.629011613471324 0.837515997240527 0.800343120545315 0.616606739391425 0.756629691091784 0.857123508414302 0.7261968644736 0.70481822899908 0.719223503186832 0.958702802661343 0.843411442184717 0.807444084046397 0.672828618259121 0.533505089964663 
0.729287426283746 0.743637225281269 0.675884716803096 0.552529647801654 0.888047401787461 0.595188352881767 0.461979433640053 0.760344441559879 0.717396115168907 0.881264075495982 0.868549032020549 0.639138618724352 0.835748630038786 0.935650310004733 0.745198926100506 0.707577284802066 0.7316249912392341 0.83954835588188 0.832787201112918 0.614207205494344 0.52858389326091 
0.684868729048085 0.80010939188013 0.703314044263357 0.726205028046744 0.794014913456616 0.793257231824187 0.760344441559879 0.345227396561846 0.798125458070381 0.969963663286561 0.952770111414684 0.787025828014758 0.908361943333021 0.954661648419303 0.810093256299507 0.697873440218316 0.785788814763748 0.915532297205827 0.920185070058532 0.892854401235074 0.71475955934702 0.776800859884002 
0.775099079571043 0.658065260067553 0.650263388874543 0.701445791995774 0.787921455479745 0.629011613471324 0.717396115168907 0.798125458070381 0.320365930310823 0.847593974670752 0.80812388704639 0.697509419070394 0.829660181527253 0.700569228329436 0.772868197673688 0.718436321369632 0.742147837021869 0.747889704746287 0.579268875027616 0.831054621864915 0.67585456724319 0.673203864320115 
0.749798403808084 0.857838006600156 0.875541596257781 0.93916366141265 0.711731615853603 0.837515997240527 0.881264075495982 0.969963663286561 0.847593974670752 0.467127215882491 0.572930556240363 0.852858226982307 0.58807621085155 0.68503905086959 0.87589467079626 0.82898868125222 0.730022797241844 0.784243487474736 0.781656794386542 0.522322107971882 0.907352628835215 0.859390059560224 
0.783577738808054 0.837086528355638 0.879002626583275 0.94986675517959 0.831336775361705 0.800343120545315 0.868549032020549 0.952770111414684 0.80812388704639 0.572930556240363 0.464960668507583 0.838051592576288 0.544566174967544 0.620672755424404 0.83408400326042 0.836119608777455 0.780275387935547 0.745774968230481 0.729409694345153 0.621158395258597 0.914434714073402 0.834446076282932 
0.748299228537699 0.52620365508217 0.673633240437128 0.699182812413103 0.868369758098949 0.616606739391425 0.639138618724352 0.787025828014758 0.697509419070394 0.852858226982307 0.838051592576288 0.486571270057633 0.782328248277637 0.91454204650667 0.744523622342531 0.717987742302156 0.719810213622619 0.894858929513437 0.839008446839855 0.827971852556407 0.686408026425115 0.627872702249858 
0.752952604381603 0.787910740789994 0.82635082668006 0.88381124946873 0.725361304208735 0.756629691091784 0.835748630038786 0.908361943333021 0.829660181527253 0.58807621085155 0.544566174967544 0.782328248277637 0.400962475996892 0.632712866213369 0.857802337351589 0.803771542962172 0.730131938648707 0.844201778109722 0.777420502915996 0.631584344994085 0.855081038074395 0.796189160565285 
0.827865679721596 0.887222973667792 0.882569505056012 0.995755034732989 0.853945698416179 0.857123508414302 0.935650310004733 0.954661648419303 0.700569228329436 0.68503905086959 0.620672755424404 0.91454204650667 0.632712866213369 0.326131314691969 0.886724485482685 0.821367336347145 0.822034615683792 0.563117199178244 0.450291423326863 0.725946947813941 0.9391622698945 0.896386909209517 
0.70579433259705 0.766498662495947 0.782544629349892 0.749157748852032 0.83334042234524 0.7261968644736 0.745198926100506 0.810093256299507 0.772868197673688 0.87589467079626 0.83408400326042 0.744523622342531 0.857802337351589 0.886724485482685 0.292097192718816 0.696692644300548 0.744341565384632 0.905810919493393 0.93832244230731 0.823003344235569 0.765851189100962 0.735697872095084 
0.640484866150101 0.740129532713826 0.645186759593486 0.699113700345008 0.667990587956772 0.70481822899908 0.707577284802066 0.697873440218316 0.718436321369632 0.82898868125222 0.836119608777455 0.717987742302156 0.803771542962172 0.821367336347145 0.696692644300548 0.534858063061469 0.611795008782103 0.86930059097312 0.787786431835301 0.786705036697348 0.672150206777278 0.706197780092542 
0.664211966805613 0.750433399923661 0.681041775833198 0.731748511666975 0.7072674400941 0.719223503186832 0.731624991239234 0.785788814763748 0.742147837021869 0.730022797241844 0.780275387935547 0.719810213622619 0.730131938648707 0.822034615683792 0.744341565384632 0.611795008782103 0.495314039439428 0.948077819446531 0.819114282927274 0.705771187011829 0.706395143750087 0.725424247213033 
0.905964821400733 0.858535110809141 0.918986601860265 0.981866199314473 0.966442704912759 0.9587028026613431 0.915532297205827 0.747889704746287 0.784243487474736 0.745774968230481 0.894858929513437 0.844201778109722 0.563117199178244 0.905810919493393 0.86930059097312 0.948077819446531 0.518533050434601 0.882294633837537 0.950426423779338 0.979351401330672 
0.83245036095285 0.812435181345196 0.782267531702378 0.909072962723501 0.722403307694302 0.843411442184717 0.83954835588188 0.920185070058532 0.579268875027616 0.781656794386542 0.729409694345153 0.839008446839855 0.777420502915996 0.450291423326863 0.93832244230731 0.787786431835301 0.819114282927274 0.518533050434601 0.283486060953968 0.800481066377874 0.84567024721294 0.841479875841329 
0.68987318492112 0.844585419663552 0.84812358647847 0.878841071326113 0.663680035800979 0.807444084046397 0.832787201112918 0.892854401235074 0.831054621864915 0.522322107971882 0.621158395258597 0.827971852556407 0.631584344994085 0.725946947813941 0.823003344235569 0.786705036697348 0.705771187011829 0.882294633837537 0.800481066377874 0.494023823811167 0.863482328902291 0.820115619387688 
0.74015040548607 0.756165341485279 0.510653532528847 0.490133881208044 0.850999529806017 0.672828618259121 0.614207205494344 0.71475955934702 0.67585456724319 0.907352628835215 0.914434714073402 0.686408026425115 0.855081038074395 0.9391622698945 0.765851189100962 0.672150206777278 0.706395143750087 0.950426423779338 0.84567024721294 0.863482328902291 0.500393730060415 0.643517911876733 
0.731763771982682 0.681261774852642 0.676918429252457 0.610117394501008 0.874937584613001 0.533505089964663 0.52858389326091 0.776800859884002 0.673203864320115 0.859390059560224 0.834446076282932 0.627872702249858 0.796189160565285 0.896386909209517 0.735697872095084 0.706197780092542 0.725424247213033 0.979351401330672 0.841479875841329 0.820115619387688 0.643517911876733 0.531044468420818 
0.524850589217488 0.771779427489543 0.735157777517306 0.745143033454833 0.64740882854256 0.734240164065556 0.729287426283746 0.684868729048085 0.775099079571043 0.749798403808084 0.783577738808054 0.748299228537699 0.752952604381603 0.827865679721596 0.70579433259705 0.640484866150101 0.664211966805613 0.905964821400733 0.83245036095285 0.68987318492112 0.74015040548607 0.731763771982682 
0.771779427489543 0.395828794471702 0.708385895998768 0.803944740587852 0.824103617636416 0.618886278040076 0.743637225281269 0.80010939188013 0.658065260067553 0.857838006600156 0.837086528355638 0.52620365508217 0.787910740789994 0.887222973667792 0.766498662495947 0.740129532713826 0.750433399923661 0.858535110809141 0.812435181345196 0.844585419663552 0.756165341485279 0.681261774852642 
0.735157777517306 0.708385895998768 0.441430328518418 0.579876736539277 0.801353919329147 0.677952141701818 0.675884716803096 0.703314044263357 0.650263388874543 0.875541596257781 0.879002626583275 0.673633240437128 0.82635082668006 0.882569505056012 0.782544629349892 0.645186759593486 0.681041775833198 0.918986601860265 0.782267531702378 0.84812358647847 0.510653532528847 0.676918429252457 
0.745143033454833 0.803944740587852 0.579876736539277 0.400391072260749 0.900645186666826 0.667705094816423 0.552529647801654 0.726205028046744 0.701445791995774 0.93916366141265 0.94986675517959 0.699182812413103 0.88381124946873 0.995755034732989 0.749157748852032 0.699113700345008 0.731748511666975 0.981866199314473 0.909072962723501 0.878841071326113 0.490133881208044 0.610117394501008 
0.64740882854256 0.824103617636416 0.801353919329147 0.900645186666826 0.132482500383711 0.861827721054602 0.888047401787461 0.794014913456616 0.787921455479745 0.711731615853603 0.831336775361705 0.868369758098949 0.725361304208735 0.853945698416179 0.83334042234524 0.667990587956772 0.7072674400941 0.966442704912759 0.722403307694302 0.663680035800979 0.850999529806017 0.874937584613001 
0.734240164065556 0.618886278040076 0.677952141701818 0.667705094816423 0.861827721054602 0.471821780663621 0.595188352881767 0.793257231824187 0.629011613471324 0.837515997240527 0.800343120545315 0.616606739391425 0.756629691091784 0.857123508414302 0.7261968644736 0.70481822899908 0.719223503186832 0.958702802661343 0.843411442184717 0.807444084046397 0.672828618259121 0.533505089964663 
0.729287426283746 0.743637225281269 0.675884716803096 0.552529647801654 0.888047401787461 0.595188352881767 0.461979433640053 0.760344441559879 0.717396115168907 0.881264075495982 0.868549032020549 0.639138618724352 0.835748630038786 0.935650310004733 0.745198926100506 0.707577284802066 0.7316249912392341 0.83954835588188 0.832787201112918 0.614207205494344 0.52858389326091 
0.684868729048085 0.80010939188013 0.703314044263357 0.726205028046744 0.794014913456616 0.793257231824187 0.760344441559879 0.345227396561846 0.798125458070381 0.969963663286561 0.952770111414684 0.787025828014758 0.908361943333021 0.954661648419303 0.810093256299507 0.697873440218316 0.785788814763748 0.915532297205827 0.920185070058532 0.892854401235074 0.71475955934702 0.776800859884002 
0.775099079571043 0.658065260067553 0.650263388874543 0.701445791995774 0.787921455479745 0.629011613471324 0.717396115168907 0.798125458070381 0.320365930310823 0.847593974670752 0.80812388704639 0.697509419070394 0.829660181527253 0.700569228329436 0.772868197673688 0.718436321369632 0.742147837021869 0.747889704746287 0.579268875027616 0.831054621864915 0.67585456724319 0.673203864320115 
0.749798403808084 0.857838006600156 0.875541596257781 0.93916366141265 0.711731615853603 0.837515997240527 0.881264075495982 0.969963663286561 0.847593974670752 0.467127215882491 0.572930556240363 0.852858226982307 0.58807621085155 0.68503905086959 0.87589467079626 0.82898868125222 0.730022797241844 0.784243487474736 0.781656794386542 0.522322107971882 0.907352628835215 0.859390059560224 
0.783577738808054 0.837086528355638 0.879002626583275 0.94986675517959 0.831336775361705 0.800343120545315 0.868549032020549 0.952770111414684 0.80812388704639 0.572930556240363 0.464960668507583 0.838051592576288 0.544566174967544 0.620672755424404 0.83408400326042 0.836119608777455 0.780275387935547 0.745774968230481 0.729409694345153 0.621158395258597 0.914434714073402 0.834446076282932 
0.748299228537699 0.52620365508217 0.673633240437128 0.699182812413103 0.868369758098949 0.616606739391425 0.639138618724352 0.787025828014758 0.697509419070394 0.852858226982307 0.838051592576288 0.486571270057633 0.782328248277637 0.91454204650667 0.744523622342531 0.717987742302156 0.719810213622619 0.894858929513437 0.839008446839855 0.827971852556407 0.686408026425115 0.627872702249858 
0.752952604381603 0.787910740789994 0.82635082668006 0.88381124946873 0.725361304208735 0.756629691091784 0.835748630038786 0.908361943333021 0.829660181527253 0.58807621085155 0.544566174967544 0.782328248277637 0.400962475996892 0.632712866213369 0.857802337351589 0.803771542962172 0.730131938648707 0.844201778109722 0.777420502915996 0.631584344994085 0.855081038074395 0.796189160565285 
0.827865679721596 0.887222973667792 0.882569505056012 0.995755034732989 0.853945698416179 0.857123508414302 0.935650310004733 0.954661648419303 0.700569228329436 0.68503905086959 0.620672755424404 0.91454204650667 0.632712866213369 0.326131314691969 0.886724485482685 0.821367336347145 0.822034615683792 0.563117199178244 0.450291423326863 0.725946947813941 0.9391622698945 0.896386909209517 
0.70579433259705 0.766498662495947 0.782544629349892 0.749157748852032 0.83334042234524 0.7261968644736 0.745198926100506 0.810093256299507 0.772868197673688 0.87589467079626 0.83408400326042 0.744523622342531 0.857802337351589 0.886724485482685 0.292097192718816 0.696692644300548 0.744341565384632 0.905810919493393 0.93832244230731 0.823003344235569 0.765851189100962 0.735697872095084 
0.640484866150101 0.740129532713826 0.645186759593486 0.699113700345008 0.667990587956772 0.70481822899908 0.707577284802066 0.697873440218316 0.718436321369632 0.82898868125222 0.836119608777455 0.717987742302156 0.803771542962172 0.821367336347145 0.696692644300548 0.534858063061469 0.611795008782103 0.86930059097312 0.787786431835301 0.786705036697348 0.672150206777278 0.706197780092542 
0.664211966805613 0.750433399923661 0.681041775833198 0.731748511666975 0.7072674400941 0.719223503186832 0.731624991239234 0.785788814763748 0.742147837021869 0.730022797241844 0.780275387935547 0.719810213622619 0.730131938648707 0.822034615683792 0.744341565384632 0.611795008782103 0.495314039439428 0.948077819446531 0.819114282927274 0.705771187011829 0.706395143750087 0.725424247213033 
0.905964821400733 0.858535110809141 0.918986601860265 0.981866199314473 0.966442704912759 0.9587028026613431 0.915532297205827 0.747889704746287 0.784243487474736 0.745774968230481 0.894858929513437 0.844201778109722 0.563117199178244 0.905810919493393 0.86930059097312 0.948077819446531 0.518533050434601 0.882294633837537 0.950426423779338 0.979351401330672 
0.83245036095285 0.812435181345196 0.782267531702378 0.909072962723501 0.722403307694302 0.843411442184717 0.83954835588188 0.920185070058532 0.579268875027616 0.781656794386542 0.729409694345153 0.839008446839855 0.777420502915996 0.450291423326863 0.93832244230731 0.787786431835301 0.819114282927274 0.518533050434601 0.283486060953968 0.800481066377874 0.84567024721294 0.841479875841329 
0.68987318492112 0.844585419663552 0.84812358647847 0.878841071326113 0.663680035800979 0.807444084046397 0.832787201112918 0.892854401235074 0.831054621864915 0.522322107971882 0.621158395258597 0.827971852556407 0.631584344994085 0.725946947813941 0.823003344235569 0.786705036697348 0.705771187011829 0.882294633837537 0.800481066377874 0.494023823811167 0.863482328902291 0.820115619387688 
0.74015040548607 0.756165341485279 0.510653532528847 0.490133881208044 0.850999529806017 0.672828618259121 0.614207205494344 0.71475955934702 0.67585456724319 0.907352628835215 0.914434714073402 0.686408026425115 0.855081038074395 0.9391622698945 0.765851189100962 0.672150206777278 0.706395143750087 0.950426423779338 0.84567024721294 0.863482328902291 0.500393730060415 0.643517911876733 
0.731763771982682 0.681261774852642 0.676918429252457 0.610117394501008 0.874937584613001 0.533505089964663 0.52858389326091 0.776800859884002 0.673203864320115 0.859390059560224 0.834446076282932 0.627872702249858 0.796189160565285 0.896386909209517 0.735697872095084 0.706197780092542 0.725424247213033 0.979351401330672 0.841479875841329 0.820115619387688 0.643517911876733 0.531044468420818 
0.524850589217488 0.771779427489543 0.735157777517306 0.745143033454833 0.64740882854256 0.734240164065556 0.729287426283746 0.684868729048085 0.775099079571043 0.749798403808084 0.783577738808054 0.748299228537699 0.752952604381603 0.827865679721596 0.70579433259705 0.640484866150101 0.664211966805613 0.905964821400733 0.83245036095285 0.68987318492112 0.74015040548607 0.731763771982682 
0.771779427489543 0.395828794471702 0.708385895998768 0.803944740587852 0.824103617636416 0.618886278040076 0.743637225281269 0.80010939188013 0.658065260067553 0.857838006600156 0.837086528355638 0.52620365508217 0.787910740789994 0.887222973667792 0.766498662495947 0.740129532713826 0.750433399923661 0.858535110809141 0.812435181345196 0.844585419663552 0.756165341485279 0.681261774852642 
0.735157777517306 0.708385895998768 0.441430328518418 0.579876736539277 0.801353919329147 0.677952141701818 0.675884716803096 0.703314044263357 0.650263388874543 0.875541596257781 0.879002626583275 0.673633240437128 0.82635082668006 0.882569505056012 0.782544629349892 0.645186759593486 0.681041775833198 0.918986601860265 0.782267531702378 0.84812358647847 0.510653532528847 0.676918429252457 
0.745143033454833 0.803944740587852 0.579876736539277 0.400391072260749 0.900645186666826 0.667705094816423 0.552529647801654 0.726205028046744 0.701445791995774 0.93916366141265 0.94986675517959 0.699182812413103 0.88381124946873 0.995755034732989 0.749157748852032 0.699113700345008 0.731748511666975 0.981866199314473 0.909072962723501 0.878841071326113 0.490133881208044 0.610117394501008 
0.64740882854256 0.824103617636416 0.801353919329147 0.900645186666826 0.132482500383711 0.861827721054602 0.888047401787461 0.794014913456616 0.787921455479745 0.711731615853603 0.831336775361705 0.868369758098949 0.725361304208735 0.853945698416179 0.83334042234524 0.667990587956772 0.7072674400941 0.966442704912759 0.722403307694302 0.663680035800979 0.850999529806017 0.874937584613001 
0.734240164065556 0.618886278040076 0.677952141701818 0.667705094816423 0.861827721054602 0.471821780663621 0.595188352881767 0.793257231824187 0.629011613471324 0.837515997240527 0.800343120545315 0.616606739391425 0.756629691091784 0.857123508414302 0.7261968644736 0.70481822899908 0.719223503186832 0.958702802661343 0.843411442184717 0.807444084046397 0.672828618259121 0.533505089964663 
0.729287426283746 0.743637225281269 0.675884716803096 0.552529647801654 0.888047401787461 0.595188352881767 0.461979433640053 0.760344441559879 0.717396115168907 0.881264075495982 0.868549032020549 0.639138618724352 0.835748630038786 0.935650310004733 0.745198926100506 0.707577284802066 0.7316249912392341 0.83954835588188 0.832787201112918 0.614207205494344 0.52858389326091 
0.684868729048085 0.80010939188013 0.703314044263357 0.726205028046744 0.794014913456616 0.793257231824187 0.760344441559879 0.345227396561846 0.798125458070381 0.969963663286561 0.952770111414684 0.787025828014758 0.908361943333021 0.954661648419303 0.810093256299507 0.697873440218316 0.785788814763748 0.915532297205827 0.920185070058532 0.892854401235074 0.71475955934702 0.776800859884002 
0.775099079571043 0.658065260067553 0.650263388874543 0.701445791995774 0.787921455479745 0.629011613471324 0.717396115168907 0.798125458070381 0.320365930310823 0.847593974670752 0.80812388704639 0.697509419070394 0.829660181527253 0.700569228329436 0.772868197673688 0.718436321369632 0.742147837021869 0.747889704746287 0.579268875027616 0.831054621864915 0.67585456724319 0.673203864320115 
0.749798403808084 0.857838006600156 0.875541596257781 0.93916366141265 0.711731615853603 0.837515997240527 0.881264075495982 0.969963663286561 0.847593974670752 0.467127215882491 0.572930556240363 0.852858226982307 0.58807621085155 0.68503905086959 0.87589467079626 0.82898868125222 0.730022797241844 0.784243487474736 0.781656794386542 0.522322107971882 0.907352628835215 0.859390059560224 
0.783577738808054 0.837086528355638 0.879002626583275 0.94986675517959 0.831336775361705 0.800343120545315 0.868549032020549 0.952770111414684 0.80812388704639 0.572930556240363 0.464960668507583 0.838051592576288 0.544566174967544 0.620672755424404 0.83408400326042 0.836119608777455 0.780275387935547 0.745774968230481 0.729409694345153 0.621158395258597 0.914434714073402 0.834446076282932 
0.748299228537699 0.52620365508217 0.673633240437128 0.699182812413103 0.868369758098949 0.616606739391425 0.639138618724352 0.787025828014758 0.697509419070394 0.852858226982307 0.838051592576288 0.486571270057633 0.782328248277637 0.91454204650667 0.744523622342531 0.717987742302156 0.719810213622619 0.894858929513437 0.839008446839855 0.827971852556407 0.686408026425115 0.627872702249858 
0.752952604381603 0.787910740789994 0.82635082668006 0.88381124946873 0.725361304208735 0.756629691091784 0.835748630038786 0.908361943333021 0.829660181527253 0.58807621085155 0.544566174967544 0.782328248277637 0.400962475996892 0.632712866213369 0.857802337351589 0.803771542962172 0.730131938648707 0.844201778109722 0.777420502915996 0.631584344994085 0.855081038074395 0.796189160565285 
0.827865679721596 0.887222973667792 0.882569505056012 0.995755034732989 0.853945698416179 0.857123508414302 0.935650310004733 0.954661648419303 0.700569228329436 0.68503905086959 0.620672755424404 0.91454204650667 0.632712866213369 0.326131314691969 0.886724485482685 0.821367336347145 0.822034615683792 0.563117199178244 0.450291423326863 0.725946947813941 0.9391622698945 0.896386909209517 
0.70579433259705 0.766498662495947 0.782544629349892 0.749157748852032 0.83334042234524 0.7261968644736 0.745198926100506 0.810093256299507 0.772868197673688 0.87589467079626 0.83408400326042 0.744523622342531 0.857802337351589 0.886724485482685 0.292097192718816 0.696692644300548 0.744341565384632 0.905810919493393 0.93832244230731 0.823003344235569 0.765851189100962 0.735697872095084 
0.640484866150101 0.740129532713826 0.645186759593486 0.699113700345008 0.667990587956772 0.70481822899908 0.707577284802066 0.697873440218316 0.718436321369632 0.82898868125222 0.836119608777455 0.717987742302156 0.803771542962172 0.821367336347145 0.696692644300548 0.534858063061469 0.611795008782103 0.86930059097312 0.787786431835301 0.786705036697348 0.672150206777278 0.706197780092542 
0.664211966805613 0.750433399923661 0.681041775833198 0.731748511666975 0.7072674400941 0.719223503186832 0.731624991239234 0.785788814763748 0.742147837021869 0.730022797241844 0.780275387935547 0.719810213622619 0.730131938648707 0.822034615683792 0.744341565384632 0.611795008782103 0.495314039439428 0.948077819446531 0.819114282927274 0.705771187011829 0.706395143750087 0.725424247213033 
0.905964821400733 0.858535110809141 0.918986601860265 0.981866199314473 0.966442704912759 0.9587028026613431 0.915532297205827 0.747889704746287 0.784243487474736 0.745774968230481 0.894858929513437 0.844201778109722 0.563117199178244 0.905810919493393 0.86930059097312 0.948077819446531 0.518533050434601 0.882294633837537 0.950426423779338 0.979351401330672 
0.83245036095285 0.812435181345196 0.782267531702378 0.909072962723501 0.722403307694302 0.843411442184717 0.83954835588188 0.920185070058532 0.579268875027616 0.781656794386542 0.729409694345153 0.839008446839855 0.777420502915996 0.450291423326863 0.93832244230731 0.787786431835301 0.819114282927274 0.518533050434601 0.283486060953968 0.800481066377874 0.84567024721294 0.841479875841329 
0.68987318492112 0.844585419663552 0.84812358647847 0.878841071326113 0.663680035800979 0.807444084046397 0.832787201112918 0.892854401235074 0.831054621864915 0.522322107971882 0.621158395258597 0.827971852556407 0.631584344994085 0.725946947813941 0.823003344235569 0.786705036697348 0.705771187011829 0.882294633837537 0.800481066377874 0.494023823811167 0.863482328902291 0.820115619387688 
0.74015040548607 0.756165341485279 0.510653532528847 0.490133881208044 0.850999529806017 0.672828618259121 0.614207205494344 0.71475955934702 0.67585456724319 0.907352628835215 0.914434714073402 0.686408026425115 0.855081038074395 0.9391622698945 0.765851189100962 0.672150206777278 0.706395143750087 0.950426423779338 0.84567024721294 0.863482328902291 0.500393730060415 0.643517911876733 
0.731763771982682 0.681261774852642 0.676918429252457 0.610117394501008 0.874937584613001 0.533505089964663 0.52858389326091 0.776800859884002 0.673203864320115 0.859390059560224 0.834446076282932 0.627872702249858 0.796189160565285 0.896386909209517 0.735697872095084 0.706197780092542 0.725424247213033 0.979351401330672 0.841479875841329 0.820115619387688 0.643517911876733 0.531044468420818 
0.524850589217488 0.771779427489543 0.735157777517306 0.745143033454833 0.64740882854256 0.734240164065556 0.729287426283746 0.684868729048085 0.775099079571043 0.749798403808084 0.783577738808054 0.748299228537699 0.752952604381603 0.827865679721596 0.70579433259705 0.640484866150101 0.664211966805613 0.905964821400733 0.83245036095285 0.68987318492112 0.74015040548607 0.731763771982682 
0.771779427489543 0.395828794471702 0.708385895998768 0.803944740587852 0.824103617636416 0.618886278040076 0.743637225281269 0.80010939188013 0.658065260067553 0.857838006600156 0.837086528355638 0.52620365508217 0.787910740789994 0.887222973667792 0.766498662495947 0.740129532713826 0.750433399923661 0.858535110809141 0.812435181345196 0.844585419663552 0.756165341485279 0.681261774852642 
0.735157777517306 0.708385895998768 0.441430328518418 0.579876736539277 0.801353919329147 0.677952141701818 0.675884716803096 0.703314044263357 0.650263388874543 0.875541596257781 0.879002626583275 0.673633240437128 0.82635082668006 0.882569505056012 0.782544629349892 0.645186759593486 0.681041775833198 0.918986601860265 0.782267531702378 0.84812358647847 0.510653532528847 0.676918429252457 
0.745143033454833 0.803944740587852 0.579876736539277 0.400391072260749 0.900645186666826 0.667705094816423 0.552529647801654 0.726205028046744 0.701445791995774 0.93916366141265 0.94986675517959 0.699182812413103 0.88381124946873 0.995755034732989 0.749157748852032 0.699113700345008 0.731748511666975 0.981866199314473 0.909072962723501 0.878841071326113 0.490133881208044 0.610117394501008 
0.64740882854256 0.824103617636416 0.801353919329147 0.900645186666826 0.132482500383711 0.861827721054602 0.888047401787461 0.794014913456616 0.787921455479745 0.711731615853603 0.831336775361705 0.868369758098949 0.725361304208735 0.853945698416179 0.83334042234524 0.667990587956772 0.7072674400941 0.966442704912759 0.722403307694302 0.663680035800979 0.850999529806017 0.874937584613001 
0.734240164065556 0.618886278040076 0.677952141701818 0.667705094816423 0.861827721054602 0.471821780663621 0.595188352881767 0.793257231824187 0.629011613471324 0.837515997240527 0.800343120545315 0.616606739391425 0.756629691091784 0.857123508414302 0.7261968644736 0.70481822899908 0.719223503186832 0.958702802661343 0.843411442184717 0.807444084046397 0.672828618259121 0.533505089964663 
0.729287426283746 0.743637225281269 0.675884716803096 0.552529647801654 0.888047401787461 0.595188352881767 0.461979433640053 0.760344441559879 0.717396115168907 0.881264075495982 0.868549032020549 0.639138618724352 0.835748630038786 0.935650310004733 0.745198926100506 0.707577284802066 0.7316249912392341 0.83954835588188 0.832787201112918 0.614207205494344 0.52858389326091 
0.684868729048085 0.80010939188013 0.703314044263357 0.726205028046744 0.794014913456616 0.793257231824187 0.760344441559879 0.345227396561846 0.798125458070381 0.969963663286561 0.952770111414684 0.787025828014758 0.908361943333021 0.954661648419303 0.810093256299507 0.697873440218316 0.785788814763748 0.915532297205827 0.920185070058532 0.892854401235074 0.71475955934702 0.776800859884002 
0.775099079571043 0.658065260067553 0.650263388874543 0.701445791995774 0.787921455479745 0.629011613471324 0.717396115168907 0.798125458070381 0.320365930310823 0.847593974670752 0.80812388704639 0.697509419070394 0.829660181527253 0.700569228329436 0.772868197673688 0.718436321369632 0.742147837021869 0.747889704746287 0.579268875027616 0.831054621864915 0.67585456724319 0.673203864320115 
0.749798403808084 0.857838006600156 0.875541596257781 0.93916366141265 0.711731615853603 0.837515997240527 0.881264075495982 0.969963663286561 0.847593974670752 0.467127215882491 0.572930556240363 0.852858226982307 0.58807621085155 0.68503905086959 0.87589467079626 0.82898868125222 0.730022797241844 0.784243487474736 0.781656794386542 0.522322107971882 0.907352628835215 0.859390059560224 
0.783577738808054 0.837086528355638 0.879002626583275 0.94986675517959 0.831336775361705 0.800343120545315 0.868549032020549 0.952770111414684 0.80812388704639 0.572930556240363 0.464960668507583 0.838051592576288 0.544566174967544 0.620672755424404 0.83408400326042 0.836119608777455 0.780275387935547 0.745774968230481 0.729409694345153 0.621158395258597 0.914434714073402 0.834446076282932 
0.748299228537699 0.52620365508217 0.673633240437128 0.699182812413103 0.868369758098949 0.616606739391425 0.639138618724352 0.787025828014758 0.697509419070394 0.852858226982307 0.838051592576288 0.486571270057633 0.782328248277637 0.91454204650667 0.744523622342531 0.717987742302156 0.719810213622619 0.894858929513437 0.839008446839855 0.827971852556407 0.686408026425115 0.627872702249858 
0.752952604381603 0.787910740789994 0.82635082668006 0.88381124946873 0.725361304208735 0.756629691091784 0.835748630038786 0.908361943333021 0.829660181527253 0.58807621085155 0.544566174967544 0.782328248277637 0.400962475996892 0.632712866213369 0.857802337351589 0.803771542962172 0.730131938648707 0.844201778109722 0.777420502915996 0.631584344994085 0.855081038074395 0.796189160565285 
0.827865679721596 0.887222973667792 0.882569505056012 0.995755034732989 0.853945698416179 0.857123508414302 0.935650310004733 0.954661648419303 0.700569228329436 0.68503905086959 0.620672755424404 0.91454204650667 0.632712866213369 0.326131314691969 0.886724485482685 0.821367336347145 0.822034615683792 0.563117199178244 0.450291423326863 0.725946947813941 0.9391622698945 0.896386909209517 
