0.07983856124059843 0.2901200404022754 0.6300413983571261
0.07413580686626997 0.43686184367375197 0.48900234945997806
0.024249855104716632 0.4530055185321751 0.5227446263631084
0.07595706810972572 0.4828348415885847 0.4412080903016896
0.050092074304991865 0.421566278827434 0.5283416468675741
0.08353713039956 0.28510956643099855 0.6313533031694414
0.03432121494774836 0.15880822473460462 0.806870560317647
0.04169854769572839 0.10012270509822137 0.8581787472060503
0.03408335723668235 0.12290318358661335 0.8430134591767042
0.0801966703572469 0.17896970597887185 0.7408336236638813
0.08707513132861913 0.2641517012696457 0.6487731674017352
0.12095032474217944 0.7414471207019039 0.13760255455591658
0.12863745031787208 0.7846766836461067 0.08668586603602127
0.1187548974185398 0.8005582223979365 0.08068688018352375
0.0971301395910065 0.7742762979657742 0.12859356244321923
0.038662546579678415 0.6709047162060472 0.29043273721427443
0.022941303630328026 0.5656468246850179 0.41141187168465415
0.006828458862542951 0.6310327939522429 0.3621387471852141
0.0 0.4624086517107549 0.537591348289245
0.02947895992115948 0.0864225841057175 0.884098455973123
0.04434699361666908 0.09009696220246835 0.8655560441808626
0.035661313371840433 0.09886189789618881 0.8654767887319708
0.007519137310944548 0.2878956734024459 0.7045851892866096
0.021375789373254066 0.7379039738066048 0.2407202368201411
0.02137578937325407 0.7673786010954894 0.21124560953125657
0.04485794403735145 0.7561814967414696 0.19896055922117906
0.061102167744755305 0.77295372199924 0.16594411025600483
0.046029930127896766 0.7921477195311201 0.1618223503409831
0.024946087921224824 0.8269445800788556 0.14810933199991955
0.01785489462295355 0.9128442459095133 0.06930085946753316
0.008535016854978875 0.9384360424310043 0.053028940714016724
0.0 0.9623925224200452 0.03760747757995482
0.0 0.848904013189332 0.15109598681066808
0.0064353555033297045 0.04618329475131561 0.9473813497453547
0.035394418853695195 0.07187654484032581 0.892729036305979
0.035394418853695195 0.06405660754754246 0.9005489735987624
0.0418249552419202 0.8933663851678368 0.06480865959024298
0.06435031317725544 0.8998017406711666 0.035847946151578054
0.041778457791500495 0.8984190210503868 0.05980252115811277
0.03534792140327549 0.8511985834791227 0.11345349511760182
0.02342437013352224 0.8063619011330263 0.17021372873345147
0.03219846114673751 0.7914622760076935 0.17633926284556906
0.10754804035085681 0.7875651116559084 0.10488684799323486
0.1089407345678913 0.778734376260448 0.11232488917166088
0.1324834831465938 0.717425266959445 0.15009124989396122
0.20526765841989503 0.01598249878177171 0.7787498427983334
0.2235837746003816 0.036655069503595414 0.739761155896023
0.2356580503467261 0.05422331083851967 0.7101186388147542
0.25148372202412533 0.10622160998860436 0.6422946679872703
0.28305035764728315 0.6470673693953523 0.06988227295736447
0.2681057167376284 0.5493674899975816 0.1825267932647901
0.21272937375970194 0.5279087990450855 0.2593618271952125
0.25425636268150714 0.6314757523641849 0.11426788495430791
0.34718290264809315 0.5369194301137413 0.11589766723816555
0.28750906907752777 0.5667482873422826 0.1457426435801897
0.3490395488863581 0.47342212829473135 0.17753832281891066
0.2633751195722434 0.4249873678822317 0.311637512545525
0.32518939905551864 0.38665319240771373 0.2881574085367676
0.27309233951365014 0.34284270615112183 0.3840649543352279
0.23491714988991216 0.2205636069164807 0.544519243193607
