0.1430623562840171 0.14306514600747422 0.14883371625777164 0.14306327130952665 0.14306948463701344 0.17987010887799387 0.14306356827145722 0.14306305022545854 0.14306528432910054 0.1430650167391637 0.14883935426662342 0.1430686970779618 0.1430640439082121 0.2273898851960695 0.14306409377544343 0.1430632258003388 0.1969584024089056 0.14306748009109088 0.5722679785888638 0.14306394448284376 0.0 0.16568332640856476
0.14306514600747422 0.1429676023946147 0.14883380226781537 0.14296937143152533 0.14297349921275826 0.1795079996019066 0.14298369839876773 0.14296985749710575 0.14297258635866752 0.1429751351245355 0.1488398768786463 0.14301624062622775 0.14297039994663066 0.22739490066725532 0.14297521950589162 0.14297032874289897 0.24142129432744902 0.142979360660901 0.6295626240359895 0.14297165556024077 0.0 0.17006379532626403
0.14883371625777164 0.14883380226781537 0.14883155944992965 0.1488325580268214 0.14884034584094544 0.14883648656185255 0.148833855009176 0.1488328464692559 0.17417296955242806 0.14883341201478065 0.14883966194642823 0.14883519609985316 0.14884227324720078 0.2273985486849807 0.1488341643068096 0.14883308661765374 0.19695574358094808 0.14884255293396395 0.587550500250658 0.14883346946884737 0.0 0.16945386143326688
0.14306327130952665 0.14296937143152533 0.1488325580268214 0.14296531296255316 0.14297128125746314 0.14830948676787456 0.14298083133088843 0.1429670687524505 0.1429802219620675 0.14297322215099256 0.14883929031938095 0.14300276513383722 0.14296707405897832 0.22738987802773222 0.1429667302724861 0.14296681375371914 0.19695548262368112 0.14296954012350074 0.5700346981011832 0.14296795623369982 0.0 0.16423898646271748
0.14306948463701344 0.14297349921275826 0.14884034584094544 0.14297128125746314 0.14284991107022724 0.14828700322577523 0.14298297471074997 0.1429695807518129 0.14299518947183062 0.14297809275309908 0.14884162391548508 0.14301156184527644 0.14286070346831864 0.22740979494701552 0.14296746121676063 0.14297106641500987 0.19696616361983585 0.14289056455049898 0.70742110153708 0.14297433635253148 0.0 0.1686475401154305
0.17987010887799387 0.1795079996019066 0.14883648656185255 0.14830948676787456 0.14828700322577523 0.1482726629400057 0.14827485456060235 0.14827575051517664 0.14828451373877288 0.14827886073496752 0.1727683427138549 0.1520862956398946 0.14827847151074616 0.2273911251745747 0.1482784905543844 0.14827536314308087 0.23799475292273775 0.20632132670276027 0.5645907122151819 0.1746098627212324 0.0 0.17905991619309009
0.14306356827145722 0.14298369839876773 0.148833855009176 0.14298083133088843 0.14298297471074997 0.14827485456060235 0.14297998032473097 0.14298075917549344 0.1429849433786564 0.14298288073181728 0.14884017484457152 0.14300550706205772 0.14298195666445596 0.22739059237830875 0.14298126972910916 0.14298086175918218 0.1969606584614483 0.14298604397873088 0.5924028802781164 0.142982446890097 0.0 0.16496279896534435
0.14306305022545854 0.14296985749710575 0.1488328464692559 0.1429670687524505 0.1429695807518129 0.14827575051517664 0.14298075917549344 0.14296608422827042 0.14297050961908764 0.14297324700327418 0.14883906779723127 0.1430032168296782 0.14296769365103293 0.2273898393518489 0.14296726527899395 0.1429670290785731 0.19695557123877153 0.14297232045933553 0.5644878405748064 0.1429680233603048 0.0 0.16405941861452594
0.14306528432910054 0.14297258635866752 0.17417296955242806 0.1429802219620675 0.14299518947183062 0.14828451373877288 0.1429849433786564 0.14297050961908764 0.14296490533413575 0.1430356124438183 0.15496204839419114 0.15099993013155444 0.14297156081899187 0.292520494360363 0.14534186782364092 0.14296893393284574 0.25250224004201416 0.14297706328285947 0.6078381223694591 0.14297170151611227 0.0 0.1735577618405346
0.1430650167391637 0.1429751351245355 0.14883341201478065 0.14297322215099256 0.14297809275309908 0.14827886073496752 0.14298288073181728 0.14297324700327418 0.1430356124438183 0.14297203793150062 0.14883970382170375 0.14300672409574486 0.14297573262161883 0.22739603359749502 0.1429760916283824 0.14297333890559943 0.19695713416258828 0.14298245865463427 0.6398151663501895 0.14297617170934537 0.0 0.16648291280071198
0.14883935426662342 0.1488398768786463 0.14883966194642823 0.14883929031938095 0.14884162391548508 0.1727683427138549 0.14884017484457152 0.14883906779723127 0.15496204839419114 0.14883970382170375 0.14883858306434514 0.14883988856517505 0.14883991757726994 0.22738968174153815 0.14884077768440707 0.14883929901082743 0.23209344072563481 0.14884411773610084 0.5644833633207768 0.2324786048558798 0.0 0.1767677381190791
0.1430686970779618 0.14301624062622775 0.14883519609985316 0.14300276513383722 0.14301156184527644 0.1520862956398946 0.14300550706205772 0.1430032168296782 0.15099993013155444 0.14300672409574486 0.14883988856517505 0.14300137700833912 0.14300444086299985 0.23120879488845736 0.143004621931706 0.14300269224387052 0.2085188999973178 0.14301201200304872 0.5943687153889519 0.14301528126322205 0.0 0.16621145056365635
0.1430640439082121 0.14297039994663066 0.14884227324720078 0.14296707405897832 0.14286070346831864 0.14827847151074616 0.14298195666445596 0.14296769365103293 0.14297156081899187 0.14297573262161883 0.14883991757726994 0.14300444086299985 1.0563579323811157e-05 0.22739288763283716 0.1429639118277245 0.14296723103498093 0.2200563615343232 0.14264270750280206 0.5696535495579929 0.14296903202391306 0.0 0.16230231218508162
0.2273898851960695 0.22739490066725532 0.2273985486849807 0.22738987802773222 0.22740979494701552 0.2273911251745747 0.22739059237830875 0.2273898393518489 0.292520494360363 0.22739603359749502 0.22738968174153815 0.23120879488845736 0.22739288763283716 0.2273883072893832 0.22739243655570085 0.2273895498464822 0.2798525176103515 0.22943660560006457 0.6415635196600175 0.3587117501535636 0.0 0.2540451476044227
0.14306409377544343 0.14297521950589162 0.1488341643068096 0.1429667302724861 0.14296746121676063 0.1482784905543844 0.14298126972910916 0.14296726527899395 0.14534186782364092 0.1429760916283824 0.14884077768440707 0.143004621931706 0.1429639118277245 0.22739243655570085 0.142961018901933 0.1429668011788011 0.1974563252584022 0.14297313507130543 0.6149691614485748 0.14296995452845965 0.0 0.16576412241534236
0.1430632258003388 0.14297032874289897 0.14883308661765374 0.14296681375371914 0.14297106641500987 0.14827536314308087 0.14298086175918218 0.1429670290785731 0.14296893393284574 0.14297333890559943 0.14883929901082743 0.14300269224387052 0.14296723103498093 0.2273895498464822 0.1429668011788011 0.14296521376669963 0.19695453644344163 0.1429695171057293 0.5937373842037669 0.14296793570335192 0.0 0.16499813064919563
0.1969584024089056 0.24142129432744902 0.19695574358094808 0.19695548262368112 0.19696616361983585 0.23799475292273775 0.1969606584614483 0.19695557123877153 0.25250224004201416 0.19695713416258828 0.23209344072563481 0.2085188999973178 0.2200563615343232 0.2798525176103515 0.1974563252584022 0.19695453644344163 0.1969531425707827 0.24016756864248637 0.6901044828591644 0.19837026577778274 0.0 0.226507233201039
0.14306748009109088 0.142979360660901 0.14884255293396395 0.14296954012350074 0.14289056455049898 0.20632132670276027 0.14298604397873088 0.14297232045933553 0.14297706328285947 0.14298245865463427 0.14884411773610084 0.14301201200304872 0.14264270750280206 0.22943660560006457 0.14297313507130543 0.1429695171057293 0.24016756864248637 0.14263278893314302 0.5948764954996505 0.1429714995530745 0.0 0.17006430295878822
0.5722679785888638 0.6295626240359895 0.587550500250658 0.5700346981011832 0.70742110153708 0.5645907122151819 0.5924028802781164 0.5644878405748064 0.6078381223694591 0.6398151663501895 0.5644833633207768 0.5943687153889519 0.5696535495579929 0.6415635196600175 0.6149691614485748 0.5937373842037669 0.6901044828591644 0.5948764954996505 0.5644528494152857 0.627553366754761 0.0 0.6007705222350667
0.14306394448284376 0.14297165556024077 0.14883346946884737 0.14296795623369982 0.14297433635253148 0.1746098627212324 0.142982446890097 0.1429680233603048 0.14297170151611227 0.14297617170934537 0.2324786048558798 0.14301528126322205 0.14296903202391306 0.3587117501535636 0.14296995452845965 0.14296793570335192 0.19837026577778274 0.1429714995530745 0.627553366754761 0.14296687780708914 0.0 0.18014982775440397
0.0 0.0 0.0 0.0 0.0 0.0 0.0 0.0 0.0 0.0 0.0 0.0 0.0 0.0 0.0 0.0 0.0 0.0 0.0 0.0 0.0 0.0
0.16568332640856476 0.17006379532626403 0.16945386143326688 0.16423898646271748 0.1686475401154305 0.17905991619309009 0.16496279896534435 0.16405941861452594 0.1735577618405346 0.16648291280071198 0.1767677381190791 0.16621145056365635 0.16230231218508162 0.2540451476044227 0.16576412241534236 0.16499813064919563 0.226507233201039 0.17006430295878822 0.6007705222350667 0.18014982775440397 0.0 0.15581771441423412
0.38587905369612857 0.40469481636837357 0.3859053714532887 0.3858800246458084 0.3858827884602566 0.4461432333484627 0.38588017106369943 0.385882565496537 0.4189484374373755 0.3858912546846399 0.3858802962828878 0.4290726182084489 0.3858810334374495 0.3858804166615149 0.385880542155186 0.4147881087216371 0.3858887032468903 0.38590399302041567 0.6677848203609345 0.3858814320002068 0.0 0.40379800338318916
0.40469481636837357 0.4046924559802964 0.4319410776901532 0.40469360971718166 0.4809000903827611 0.4461455477404934 0.4046945516084027 0.40469365039783955 0.41894972275981646 0.404699288694152 0.4046943328315092 0.4290784103463711 0.4046966551132166 0.4046958183147568 0.40469523969393795 0.4229710382067487 0.40471339214888385 0.4047170990424325 0.6633050877626564 0.4046952757097942 0.0 0.42044326257533443
0.3859053714532887 0.4319410776901532 0.3859005947113694 0.38590174049502635 0.38590662945339854 0.44614513717224363 0.385902946610257 0.38590345545002225 0.498756513378119 0.3860268274784018 0.38590244157148007 0.4290874359322173 0.38590886719185036 0.3859147467250137 0.3860940132113631 0.4157915104619227 0.38590335845473217 0.4559940710956571 0.712981621312635 0.3859087698510364 0.0 0.4095155408505622
0.3858800246458084 0.40469360971718166 0.38590174049502635 0.3858703421555347 0.38587435865401964 0.4461436525847524 0.3858723426492786 0.3858800426755287 0.4189513345122735 0.3858901932749115 0.3858799239228706 0.4290717476395166 0.38587219118518956 0.3858717803497962 0.38587166763041914 0.4147868015002708 0.3858893215901329 0.3858741253043248 0.6374187208705063 0.3858764821128891 0.0 0.4028199302161488
0.3858827884602566 0.4809000903827611 0.38590662945339854 0.38587435865401964 0.3858557259438531 0.44614774784459993 0.38587370815952265 0.38589306814038893 0.41895529382403396 0.3858978294432163 0.3858810794337243 0.5129718164598904 0.38586458805841534 0.3858706831871634 0.38587217788985084 0.41487242156240184 0.5208517172417279 0.7716726645928168 0.9247400666432339 0.6198852827195303 0.0 0.4490745672589687
0.4461432333484627 0.4461455477404934 0.44614513717224363 0.4461436525847524 0.44614774784459993 0.4461421393405512 0.44614331132530033 0.44614355205829576 0.44615750037368135 0.446144625179902 0.4461427804796964 0.44614417979692533 0.4461456485495159 0.4461448735756638 0.44614397553511154 0.44751527015697157 0.4461446246015447 0.44614918247865065 0.6764107585834045 0.44614452083785094 0.0 0.4536786483790197
0.38588017106369943 0.4046945516084027 0.385902946610257 0.3858723426492786 0.38587370815952265 0.44614331132530033 0.3858706978968243 0.3858804220565006 0.41894659843159726 0.38589187117865276 0.3858799361741845 0.42907189773054466 0.38587273411675715 0.38587199168348557 0.38587232249439024 0.41478689035461336 0.38588670585268064 0.385875611336111 0.6462230689542156 0.3858767172301886 0.0 0.4031025975201675
0.385882565496537 0.40469365039783955 0.38590345545002225 0.3858800426755287 0.38589306814038893 0.44614355205829576 0.3858804220565006 0.38587929456765807 0.4189498792299394 0.38589100240349045 0.385880345225555 0.42907176470345726 0.3858810281271309 0.38588084095276465 0.3858804159992384 0.41478618293572656 0.3858876431654747 0.3858836243725121 0.6373839772034181 0.38588138286236673 0.0 0.40282176235186096
0.4189484374373755 0.41894972275981646 0.498756513378119 0.4189513345122735 0.41895529382403396 0.44615750037368135 0.41894659843159726 0.4189498792299394 0.4189445798738353 0.4189709103016594 0.4189542484939753 0.42907449873804965 0.4189514504952716 0.48087815403772255 0.4189477123111056 0.42040943331979813 0.4189482633297776 0.41896890538499354 0.9644619806995952 0.4552285534249293 0.0 0.4466238046571589
0.3858912546846399 0.404699288694152 0.3860268274784018 0.3858901932749115 0.3858978294432163 0.446144625179902 0.38589187117865276 0.38589100240349045 0.4189709103016594 0.3858887559995828 0.3858901314396611 0.43055124591859445 0.38589535115397944 0.3859107299896464 0.38589517671097356 0.4179717006359902 0.4191279798765459 0.3859697548947968 0.6374740742966359 0.4015252245341874 0.0 0.40611810248625585
0.3858802962828878 0.4046943328315092 0.38590244157148007 0.3858799239228706 0.3858810794337243 0.4461427804796964 0.3858799361741845 0.385880345225555 0.4189542484939753 0.3858901314396611 0.38587934889681935 0.4290718280210063 0.38588062685989427 0.38588027517152407 0.38588020796773925 0.4147863161405509 0.38588594942911264 0.38588195159640826 0.6373655701097614 0.3858803162909886 0.0 0.402820512700495
0.4290726182084489 0.4290784103463711 0.4290874359322173 0.4290717476395166 0.5129718164598904 0.44614417979692533 0.42907189773054466 0.42907176470345726 0.42907449873804965 0.43055124591859445 0.4290718280210063 0.42907064629486424 0.429077357963118 0.4290723398372794 0.4290743201506701 0.4290757284383926 0.43055062814152517 0.4293762695588911 0.6492066876706828 0.42907246112512104 0.0 0.4386494203260049
0.3858810334374495 0.4046966551132166 0.38590886719185036 0.38587219118518956 0.38586458805841534 0.4461456485495159 0.38587273411675715 0.3858810281271309 0.4189514504952716 0.38589535115397944 0.38588062685989427 0.429077357963118 2.4742149717279875e-05 0.3858633568457945 0.3858620196109952 0.414787970788538 0.38588740590761456 0.3859110929406057 0.8364059972129254 0.38587868329400715 0.0 0.4003725811483755
0.3858804166615149 0.4046958183147568 0.3859147467250137 0.3858717803497962 0.3858706831871634 0.4461448735756638 0.38587199168348557 0.38588084095276465 0.48087815403772255 0.3859107299896464 0.38588027517152407 0.4290723398372794 0.3858633568457945 0.38585962983546357 0.38586366142349227 0.4147901047085393 0.4092207935259897 0.38587011551789413 0.8809540176506956 0.3858786007468994 0.0 0.41342007939408854
0.385880542155186 0.40469523969393795 0.3860940132113631 0.38587166763041914 0.38587217788985084 0.44614397553511154 0.38587232249439024 0.3858804159992384 0.4189477123111056 0.38589517671097356 0.38588020796773925 0.4290743201506701 0.3858620196109952 0.38586366142349227 0.3858591772961193 0.41478714161587416 0.38589008959513876 0.38586682976331815 0.7101984056602414 0.3858776610505118 0.0 0.4051639348523827
0.4147881087216371 0.4229710382067487 0.4157915104619227 0.4147868015002708 0.41487242156240184 0.44751527015697157 0.41478689035461336 0.41478618293572656 0.42040943331979813 0.4179717006359902 0.4147863161405509 0.4290757284383926 0.414787970788538 0.4147901047085393 0.41478714161587416 0.4147851038605537 0.4148067663474031 0.4148048940260208 0.6924439536284054 0.4204644050113804 0.0 0.4270761353869482
0.3858887032468903 0.40471339214888385 0.38590335845473217 0.3858893215901329 0.5208517172417279 0.4461446246015447 0.38588670585268064 0.3858876431654747 0.4189482633297776 0.4191279798765459 0.38588594942911264 0.43055062814152517 0.38588740590761456 0.4092207935259897 0.38589008959513876 0.4148067663474031 0.38588505788494615 0.3858974711415684 0.6971580047223804 0.4233791381066239 0.0 0.4125012335403587
0.38590399302041567 0.4047170990424325 0.4559940710956571 0.3858741253043248 0.7716726645928168 0.44614918247865065 0.385875611336111 0.3858836243725121 0.41896890538499354 0.3859697548947968 0.38588195159640826 0.4293762695588911 0.3859110929406057 0.38587011551789413 0.38586682976331815 0.4148048940260208 0.3858974711415684 0.3858351393226735 1.0210647791610976 0.3858969737298056 0.0 0.42551217449936357
0.6677848203609345 0.6633050877626564 0.712981621312635 0.6374187208705063 0.9247400666432339 0.6764107585834045 0.6462230689542156 0.6373839772034181 0.9644619806995952 0.6374740742966359 0.6373655701097614 0.6492066876706828 0.8364059972129254 0.8809540176506956 0.7101984056602414 0.6924439536284054 0.6971580047223804 1.0210647791610976 0.6373562169808615 0.7343560765700864 0.0 0.6969541683173222
0.3858814320002068 0.4046952757097942 0.3859087698510364 0.3858764821128891 0.6198852827195303 0.44614452083785094 0.3858767172301886 0.38588138286236673 0.4552285534249293 0.4015252245341874 0.3858803162909886 0.42907246112512104 0.38587868329400715 0.3858786007468994 0.3858776610505118 0.4204644050113804 0.4233791381066239 0.3858969737298056 0.7343560765700864 0.3858753725070005 0.0 0.41461750608171205
0.0 0.0 0.0 0.0 0.0 0.0 0.0 0.0 0.0 0.0 0.0 0.0 0.0 0.0 0.0 0.0 0.0 0.0 0.0 0.0 0.0 0.0
0.40379800338318916 0.42044326257533443 0.4095155408505622 0.4028199302161488 0.4490745672589687 0.4536786483790197 0.4031025975201675 0.40282176235186096 0.4466238046571589 0.40611810248625585 0.402820512700495 0.4386494203260049 0.4003725811483755 0.41342007939408854 0.4051639348523827 0.4270761353869482 0.4125012335403587 0.42551217449936357 0.6969541683173222 0.41461750608171205 0.0 0.3948673645756804
0.41339654933925246 0.5311609931612055 0.41339942370253246 0.4133980482200293 0.5793843594934568 0.48567423089194617 0.41339876282945204 0.4556872330823669 0.6028106107322068 0.4389698659267099 0.5270797683327836 0.5346587053500982 0.4133978743698318 0.41339983294245136 0.41339954343843266 0.4944343768380533 0.5041157657328724 0.41340053730264337 0.532401442820701 0.4669948608576085 0.0 0.47034909699336014
0.5311609931612055 0.3575905048537947 0.3637872714640257 0.3575942377530325 0.509460047411469 0.4807466939466178 0.35759339380616506 0.4046011096728036 0.551356866496562 0.3969450446700188 0.4572458894920667 0.4986628641140515 0.3575925775885885 0.3575935906590754 0.3575935074676475 0.46005664040752325 0.4577287758911704 0.3576016013415286 0.4739130144138006 0.4259122187606563 0.0 0.42768157169658727
0.41339942370253246 0.3637872714640257 0.17475899721214122 0.21600631697187603 0.4371925590212624 0.3463062660811703 0.1747686797669825 0.2912814154780596 0.41552221311774 0.27069621425204127 0.34267322274471884 0.3901969366269635 0.17476472626024678 0.18346305274784708 0.20862777360094872 0.35278983739669983 0.3605693088270798 0.17476691073576175 0.3714535376175151 0.28580635030659235 0.0 0.30318366335217745
0.4133980482200293 0.3575942377530325 0.21600631697187603 0.03664129207979383 0.39907197410603545 0.3380504385752894 0.040985932462685566 0.2436253038994951 0.41267743949746616 0.24779146158387086 0.342663206641243 0.3877563836678057 0.036644871929126965 0.13977685641204476 0.1323152022437779 0.3528001286899889 0.3147544609615473 0.03665823789711103 0.37144277311413143 0.27972286615662223 0.0 0.2671890777246334
0.5793843594934568 0.509460047411469 0.4371925590212624 0.39907197410603545 0.3990625716525869 0.5340421827667763 0.39909394959888994 0.4483611289557692 0.5371880670826712 0.42852401097593135 0.5251422847053547 0.5842920999914338 0.39907772391448515 0.40253453141156326 0.4364359587207176 0.5124581715054258 0.5111474773514202 0.40302017928109873 0.5617000384921915 0.4805597276595933 0.0 0.4837804419100155
0.48567423089194617 0.4807466939466178 0.3463062660811703 0.3380504385752894 0.5340421827667763 0.3380475875067127 0.35687100432014424 0.42594384069358526 0.5143187986214368 0.4003203213357928 0.4729261892763122 0.5112221462598523 0.33805072928211793 0.3382808521610219 0.33806049001001326 0.4974071033022128 0.44261068158345473 0.3380604967532242 0.48668811537442985 0.426194516255032 0.0 0.4261154392991017
0.41339876282945204 0.35759339380616506 0.1747686797669825 0.040985932462685566 0.39909394959888994 0.35687100432014424 0.04019787537237883 0.2436269099253864 0.39258052506478536 0.2477914780909131 0.34266316580750433 0.3877561162881811 0.040200413340714315 0.12160267788594116 0.13570853710275724 0.35279129579881285 0.3147562046414667 0.040294758603013625 0.3714412371692866 0.2797221560545371 0.0 0.26547817167453436
0.4556872330823669 0.4046011096728036 0.2912814154780596 0.2436253038994951 0.4483611289557692 0.42594384069358526 0.2436269099253864 0.24362336863324036 0.466381236626661 0.3165786132871274 0.396694965718164 0.42205407257352434 0.24362495733065798 0.24363083438936617 0.2768581720622681 0.4097983224878812 0.37276272981949743 0.25839063100472953 0.42433866303672235 0.33714433953928385 0.0 0.3483304043636226
0.6028106107322068 0.551356866496562 0.41552221311774 0.41267743949746616 0.5371880670826712 0.5143187986214368 0.39258052506478536 0.466381236626661 0.3925775559541668 0.45374128868843766 0.5504347463547167 0.5691687219001551 0.3925839138988349 0.3927144435716972 0.393054970893978 0.5404117781913943 0.5354130230674451 0.4070788461071446 0.5918956962557924 0.4578848685354936 0.0 0.4898452313983232
0.4389698659267099 0.3969450446700188 0.27069621425204127 0.24779146158387086 0.42852401097593135 0.4003203213357928 0.2477914780909131 0.3165786132871274 0.45374128868843766 0.24778918637262115 0.40008434452524333 0.4425593453480958 0.2477914662641261 0.24780176251773064 0.24782539291652708 0.38627137509603565 0.378392136175774 0.24779868166917096 0.3733767573047961 0.3331544100156484 0.0 0.3429852719361016
0.5270797683327836 0.4572458894920667 0.34267322274471884 0.342663206641243 0.5251422847053547 0.4729261892763122 0.34266316580750433 0.396694965718164 0.5504347463547167 0.40008434452524333 0.34266209217144594 0.5027893069231218 0.3426634206564665 0.3426718264106414 0.3516085118134988 0.4481120582225136 0.4365963346592021 0.3426673494635387 0.5289108227571853 0.39503248427192994 0.0 0.41544628228161606
0.5346587053500982 0.4986628641140515 0.3901969366269635 0.3877563836678057 0.5842920999914338 0.5112221462598523 0.3877561162881811 0.42205407257352434 0.5691687219001551 0.4425593453480958 0.5027893069231218 0.3877545298132854 0.38775676968663425 0.3877572143475659 0.387762570862763 0.47907501518796425 0.4837455582494515 0.38775967412536383 0.5110646582934342 0.44145378345001035 0.0 0.4533866916965182
0.4133978743698318 0.3575925775885885 0.17476472626024678 0.036644871929126965 0.39907772391448515 0.33805072928211793 0.040200413340714315 0.24362495733065798 0.3925839138988349 0.2477914662641261 0.3426634206564665 0.38775676968663425 1.0512336570098328e-05 0.11673517364930391 0.13230326428881384 0.3527860707468506 0.3147535399294648 0.033298444211044845 0.3714804106733494 0.279722370080034 0.0 0.2630851927350259
0.41339983294245136 0.3575935906590754 0.18346305274784708 0.13977685641204476 0.40253453141156326 0.3382808521610219 0.12160267788594116 0.24363083438936617 0.3927144435716972 0.24780176251773064 0.3426718264106414 0.3877572143475659 0.11673517364930391 0.11673118714987801 0.17054082920685895 0.35284234344823695 0.31475864459399583 0.14992986577032974 0.442730655979487 0.2797243462144411 0.0 0.28254275609881635
0.41339954343843266 0.3575935074676475 0.20862777360094872 0.1323152022437779 0.4364359587207176 0.33806049001001326 0.13570853710275724 0.2768581720622681 0.393054970893978 0.24782539291652708 0.3516085118134988 0.387762570862763 0.13230326428881384 0.17054082920685895 0.13229991611347702 0.35279596443501515 0.31500384598411346 0.13566064639992823 0.3714633078997448 0.2821318520331944 0.0 0.2861890025503471
0.4944343768380533 0.46005664040752325 0.35278983739669983 0.3528001286899889 0.5124581715054258 0.4974071033022128 0.35279129579881285 0.4097983224878812 0.5404117781913943 0.38627137509603565 0.4481120582225136 0.47907501518796425 0.3527860707468506 0.35284234344823695 0.35279596443501515 0.35278448981599375 0.4231636966374957 0.3527886885370783 0.4752729537170522 0.40035063985827296 0.0 0.4156264088931776
0.5041157657328724 0.4577287758911704 0.3605693088270798 0.3147544609615473 0.5111474773514202 0.44261068158345473 0.3147562046414667 0.37276272981949743 0.5354130230674451 0.378392136175774 0.4365963346592021 0.4837455582494515 0.3147535399294648 0.31475864459399583 0.31500384598411346 0.4231636966374957 0.3147516775030869 0.3150171173903308 0.4306352417952756 0.3842069267923124 0.0 0.3972504413671149
0.41340053730264337 0.3576016013415286 0.17476691073576175 0.03665823789711103 0.40302017928109873 0.3380604967532242 0.040294758603013625 0.25839063100472953 0.4070788461071446 0.24779868166917096 0.3426673494635387 0.38775967412536383 0.033298444211044845 0.14992986577032974 0.13566064639992823 0.3527886885370783 0.3150171173903308 0.03328561058383787 0.40472731370508486 0.27972884107190127 0.0 0.26789843128932633
0.532401442820701 0.4739130144138006 0.3714535376175151 0.37144277311413143 0.5617000384921915 0.48668811537442985 0.3714412371692866 0.42433866303672235 0.5918956962557924 0.3733767573047961 0.5289108227571853 0.5110646582934342 0.3714804106733494 0.442730655979487 0.3714633078997448 0.4752729537170522 0.4306352417952756 0.40472731370508486 0.37143521975804417 0.4302726018455172 0.0 0.4469419755289439
0.4669948608576085 0.4259122187606563 0.28580635030659235 0.27972286615662223 0.4805597276595933 0.426194516255032 0.2797221560545371 0.33714433953928385 0.4578848685354936 0.3331544100156484 0.39503248427192994 0.44145378345001035 0.279722370080034 0.2797243462144411 0.2821318520331944 0.40035063985827296 0.3842069267923124 0.27972884107190127 0.4302726018455172 0.2797205977866397 0.0 0.36250177462079847
0.0 0.0 0.0 0.0 0.0 0.0 0.0 0.0 0.0 0.0 0.0 0.0 0.0 0.0 0.0 0.0 0.0 0.0 0.0 0.0 0.0 0.0
0.47034909699336014 0.42768157169658727 0.30318366335217745 0.2671890777246334 0.4837804419100155 0.4261154392991017 0.26547817167453436 0.3483304043636226 0.4898452313983232 0.3429852719361016 0.41544628228161606 0.4533866916965182 0.2630851927350259 0.28254275609881635 0.2861890025503471 0.4156264088931776 0.3972504413671149 0.26789843128932633 0.4469419755289439 0.36250177462079847 0.0 0.2751553799282001
0.17563647915542324 0.38816125052357864 0.1953187689424031 0.17564260254143751 0.28100129770368193 0.50641468100624 0.25425139633190885 0.3079229722861484 0.40391732928568713 0.340733408755701 0.27461336662120905 0.26503779012067974 0.17563883956463067 0.22117937365550097 0.26073196205301724 0.2896291667165252 0.3253738784228275 0.1756441504328947 0.2529775373443741 0.3471633969677019 0.0 0.2828890755306408
0.38816125052357864 0.3776659323906255 0.37767477957805734 0.37766734568120663 0.37767742163414236 0.5981678053700134 0.40673907950735744 0.4585533841941215 0.5442183684441242 0.4790973149325545 0.4279718317911828 0.42325897490427333 0.37766822971358355 0.37767821757898257 0.4234228998850259 0.4380904250604442 0.4837280511204637 0.37767152306244745 0.42360711383877636 0.4790684816255061 0.0 0.43275721665257233
0.1953187689424031 0.37767477957805734 0.12235011380297021 0.1223596204289642 0.22968317243480635 0.5064416657897831 0.255468922657253 0.3079112905997246 0.4137299941059815 0.34073190456482755 0.2710764655190696 0.2657014567536218 0.1223532536569819 0.1542795082735965 0.28733393073866487 0.3061070984480989 0.3158562456307266 0.1223592140630136 0.27487451909014876 0.3469912354112184 0.0 0.2750445173983661
0.17564260254143751 0.37766734568120663 0.1223596204289642 0.03739413543772524 0.21823330479198733 0.5064133661138774 0.22796661709051133 0.3079072046871836 0.40388988266922615 0.34073088704840404 0.26893302688698795 0.2404947581256137 0.037397280067242855 0.07684196706776598 0.24763768264547498 0.282777172135529 0.30737220816715766 0.03741596959247398 0.21572035381017612 0.34699022464127194 0.0 0.2530192189751845
0.28100129770368193 0.37767742163414236 0.22968317243480635 0.21823330479198733 0.20700751344136822 0.5064192610866409 0.2717461983851098 0.3536668009539848 0.4348982662710651 0.38015711407504427 0.3230168642306758 0.32290252397884195 0.20702644585155008 0.27261332159563234 0.34564201147150153 0.3301899706188478 0.34367944761497055 0.20702472504035363 0.3607431884540603 0.36949235286588433 0.0 0.32412471716702207
0.50641468100624 0.5981678053700134 0.5064416657897831 0.5064133661138774 0.5064192610866409 0.5064110728520603 0.5154139823440246 0.554517728564817 0.6508591160938908 0.5695897233772834 0.5315503522638073 0.553944941407576 0.5064143020115972 0.5064133936026459 0.5265161121776637 0.5174079588543513 0.562399753986916 0.5064247152647531 0.5064169875962856 0.6029384335428646 0.0 0.5383763217996804
0.25425139633190885 0.40673907950735744 0.255468922657253 0.22796661709051133 0.2717461983851098 0.5154139823440246 0.22796027408092184 0.3463003180024631 0.43099274587090364 0.36802449617861044 0.3016075899653346 0.3236963927389937 0.22796187406758478 0.2470034704995741 0.2969320964857999 0.30558877509332916 0.36480382247052107 0.22796659081907497 0.30420275141418923 0.3744030251997052 0.0 0.316085668232804
0.3079229722861484 0.4585533841941215 0.3079112905997246 0.3079072046871836 0.3536668009539848 0.554517728564817 0.3463003180024631 0.3079059624434629 0.4775637315726859 0.40342435857480946 0.35918911658326225 0.3562991985225744 0.30790768839814037 0.3079078939299068 0.3471787837404269 0.36756460473263164 0.4096432449231125 0.3079102374086985 0.34585698503449464 0.41140386255049477 0.0 0.36604292615854955
0.40391732928568713 0.5442183684441242 0.4137299941059815 0.40388988266922615 0.4348982662710651 0.6508591160938908 0.43099274587090364 0.4775637315726859 0.4038848284553558 0.46741262143128876 0.49051217347507925 0.4557534826780644 0.40388981376937333 0.4433095695462974 0.46482118342261614 0.4517952472897979 0.5328261545164775 0.4039746791374403 0.4441868928666768 0.5871136940870837 0.0 0.47282512506240637
0.340733408755701 0.4790973149325545 0.34073190456482755 0.34073088704840404 0.38015711407504427 0.5695897233772834 0.36802449617861044 0.40342435857480946 0.46741262143128876 0.34072921538301937 0.39458241364857227 0.3771820628530404 0.34073179665322806 0.34074432759738577 0.37466892337949503 0.38038423968080987 0.4389234053682325 0.3407340920272626 0.3888074676250113 0.4647229033190033 0.0 0.3944220342335978
0.27461336662120905 0.4279718317911828 0.2710764655190696 0.26893302688698795 0.3230168642306758 0.5315503522638073 0.3016075899653346 0.35918911658326225 0.49051217347507925 0.39458241364857227 0.26893214221889716 0.32776838647835593 0.26893342431625994 0.27738513738438986 0.30444534892874947 0.32352821150451166 0.3843276614047656 0.26893494762094716 0.30464263720643764 0.4002997587437155 0.0 0.33597912092337706
0.26503779012067974 0.42325897490427333 0.2657014567536218 0.2404947581256137 0.32290252397884195 0.553944941407576 0.3236963927389937 0.3562991985225744 0.4557534826780644 0.3771820628530404 0.32776838647835593 0.24049106745603202 0.24049369072342092 0.24059427065464692 0.3533402734115758 0.34376019365495875 0.38526288810650294 0.24049614645030354 0.33834201695749166 0.40615696574680515 0.0 0.337041813970876
0.17563883956463067 0.37766822971358355 0.1223532536569819 0.037397280067242855 0.20702644585155008 0.5064143020115972 0.22796187406758478 0.30790768839814037 0.40388981376937333 0.34073179665322806 0.26893342431625994 0.24049369072342092 1.1727712764245223e-05 0.07682643047941892 0.247638489199897 0.2827774109196161 0.3073725191549815 0.001017906813953219 0.21573028271226244 0.3469908085711025 0.0 0.2514737247426751
0.22117937365550097 0.37767821757898257 0.1542795082735965 0.07684196706776598 0.27261332159563234 0.5064133936026459 0.2470034704995741 0.3079078939299068 0.4433095695462974 0.34074432759738577 0.27738513738438986 0.24059427065464692 0.07682643047941892 0.07681763847291485 0.24763934353711545 0.2963474806354014 0.30737530359091647 0.07682533766272912 0.2924715104289299 0.34699287770421433 0.0 0.2686914582432863
0.26073196205301724 0.4234228998850259 0.28733393073866487 0.24763768264547498 0.34564201147150153 0.5265161121776637 0.2969320964857999 0.3471787837404269 0.46482118342261614 0.37466892337949503 0.30444534892874947 0.3533402734115758 0.247638489199897 0.24763934353711545 0.24763597172150462 0.3569360975902652 0.38258494847690105 0.24764657004601429 0.2947389012458482 0.39217838422529644 0.0 0.3329871780053887
0.2896291667165252 0.4380904250604442 0.3061070984480989 0.282777172135529 0.3301899706188478 0.5174079588543513 0.30558877509332916 0.36756460473263164 0.4517952472897979 0.38038423968080987 0.32352821150451166 0.34376019365495875 0.2827774109196161 0.2963474806354014 0.3569360975902652 0.2827757273981678 0.3865580795288903 0.2827809178162152 0.32920360289628875 0.40989093285800815 0.0 0.34720826670995636
0.3253738784228275 0.4837280511204637 0.3158562456307266 0.30737220816715766 0.34367944761497055 0.562399753986916 0.36480382247052107 0.4096432449231125 0.5328261545164775 0.4389234053682325 0.3843276614047656 0.38526288810650294 0.3073725191549815 0.30737530359091647 0.38258494847690105 0.3865580795288903 0.30736955091494833 0.3073739057007462 0.42290872003490915 0.45077931024135237 0.0 0.3869385763476767
0.1756441504328947 0.37767152306244745 0.1223592140630136 0.03741596959247398 0.20702472504035363 0.5064247152647531 0.22796659081907497 0.3079102374086985 0.4039746791374403 0.3407340920272626 0.26893494762094716 0.24049614645030354 0.001017906813953219 0.07682533766272912 0.24764657004601429 0.2827809178162152 0.3073739057007462 0.001006285921729522 0.21574811667458818 0.3469929998859613 0.0 0.2515030683711889
0.2529775373443741 0.42360711383877636 0.27487451909014876 0.21572035381017612 0.3607431884540603 0.5064169875962856 0.30420275141418923 0.34585698503449464 0.4441868928666768 0.3888074676250113 0.30464263720643764 0.33834201695749166 0.21573028271226244 0.2924715104289299 0.2947389012458482 0.32920360289628875 0.42290872003490915 0.21574811667458818 0.21571651207947157 0.38765957733641265 0.0 0.3300720995274477
0.3471633969677019 0.4790684816255061 0.3469912354112184 0.34699022464127194 0.36949235286588433 0.6029384335428646 0.3744030251997052 0.41140386255049477 0.5871136940870837 0.4647229033190033 0.4002997587437155 0.40615696574680515 0.3469908085711025 0.34699287770421433 0.39217838422529644 0.40989093285800815 0.45077931024135237 0.3469929998859613 0.38765957733641265 0.34698911940350013 0.0 0.40568210657269876
0.0 0.0 0.0 0.0 0.0 0.0 0.0 0.0 0.0 0.0 0.0 0.0 0.0 0.0 0.0 0.0 0.0 0.0 0.0 0.0 0.0 0.0
0.2828890755306408 0.43275721665257233 0.2750445173983661 0.2530192189751845 0.32412471716702207 0.5383763217996804 0.316085668232804 0.36604292615854955 0.47282512506240637 0.3944220342335978 0.33597912092337706 0.337041813970876 0.2514737247426751 0.2686914582432863 0.3329871780053887 0.34720826670995636 0.3869385763476767 0.2515030683711889 0.3300720995274477 0.40568210657269876 0.0 0.2583755365240783
0.10186337121260816 0.23138354148064924 0.17159676727605097 0.10251148469051423 0.23065559763265098 0.5545467732555264 0.24864397384141498 0.28461271899784063 0.2333474992510236 0.3457283644055883 0.16853047423027276 0.2088485492183584 0.10187470003671577 0.2529984412943236 0.10186744745317039 0.18579554609806873 0.1018717928063385 0.10186840243686206 0.2029467614182008 0.12618960490753828 0.0 0.2005021953224882
0.23138354148064924 0.2313802562774956 0.30771775303786114 0.23143802492618137 0.35745696065177407 0.5674974092538551 0.32161602201587125 0.35223147422324835 0.32652512818061596 0.41663409838134524 0.2855144005215819 0.3419595699957823 0.2313849405686075 0.306580709461773 0.23138202521082787 0.29522900566581783 0.23139206782420008 0.2313860699340562 0.3272564526096751 0.2532041519645856 0.0 0.30092961126839324
0.17159676727605097 0.30771775303786114 0.1715922718978308 0.17248036512918535 0.28223059433978454 0.5545552201850512 0.31120193712818717 0.33459670031297384 0.30874144557482164 0.38610056758677286 0.21329114069016522 0.2863341818157131 0.17159747655723756 0.22161055029557872 0.17161623943488552 0.2456576284548413 0.18698175509219178 0.17160453886209812 0.3356691280384043 0.1867625592698689 0.0 0.25678186650473034
0.10251148469051423 0.23143802492618137 0.17248036512918535 0.05804183078150941 0.2378800600717414 0.5545507588600644 0.24865459151799743 0.28461307227517235 0.20172537718976577 0.34572981191238444 0.16852900120800618 0.20884897393995927 0.058056707159323505 0.19201626160725066 0.0580468912313909 0.18706851213784248 0.06583941730405926 0.058049226539491426 0.20520094628678798 0.12179950248200173 0.0 0.18917857827273832
0.23065559763265098 0.35745696065177407 0.28223059433978454 0.2378800600717414 0.2131640516446132 0.5795163198547921 0.3434805680162465 0.36789753879672427 0.33271984756574974 0.3770004344441322 0.25645666802572886 0.3189991643312945 0.2152353556976933 0.3573475539005614 0.2132027235091527 0.2865849911993093 0.2718217255374144 0.26788349210384577 0.3523788192858311 0.30485762211972595 0.0 0.30811311825640747
0.5545467732555264 0.5674974092538551 0.5545552201850512 0.5545507588600644 0.5795163198547921 0.554545398260491 0.5798961291656082 0.6278433194837456 0.5791450332620618 0.6506184579416207 0.554547254049917 0.5988727458290951 0.5545497845583399 0.5755195606743135 0.5545472189511893 0.5648001273974236 0.5545468707201306 0.5545490206390882 0.5545613389167457 0.5545535143139801 0.0 0.5724092773220973
0.24864397384141498 0.32161602201587125 0.31120193712818717 0.24865459151799743 0.3434805680162465 0.5798961291656082 0.2486407588422925 0.36745330283383637 0.34461847147752656 0.42499226645385846 0.28319240349810004 0.32169900350368164 0.24864340233530113 0.3348044581316405 0.2486426548982417 0.2861749473351742 0.24864250128862833 0.24864580638199898 0.30880170833237713 0.28888098445532023 0.0 0.3089371440023136
0.28461271899784063 0.35223147422324835 0.33459670031297384 0.28461307227517235 0.36789753879672427 0.6278433194837456 0.36745330283383637 0.28461132992050253 0.35524082112615746 0.43308693277676463 0.30378506048719894 0.3330043626768624 0.28461525855819064 0.3642646477806586 0.2846129395952075 0.3265199662253363 0.28461293473515 0.2846147163271404 0.35271192051088557 0.2846149191592481 0.0 0.3338582409520815
0.2333474992510236 0.32652512818061596 0.30874144557482164 0.20172537718976577 0.33271984756574974 0.5791450332620618 0.34461847147752656 0.35524082112615746 0.20160670129303565 0.4060754812509132 0.25163255617605323 0.32053660954691143 0.2016227890159302 0.27903896789130056 0.20165293146976818 0.2988277309962134 0.20163447824150854 0.20162251344442156 0.30870213665943486 0.21278091567490773 0.0 0.2900622248606099
0.3457283644055883 0.41663409838134524 0.38610056758677286 0.34572981191238444 0.3770004344441322 0.6506184579416207 0.42499226645385846 0.43308693277676463 0.4060754812509132 0.34572758649460644 0.35648128524961653 0.38837898473675025 0.3457332229655689 0.39817137549658205 0.3457290532167499 0.3535654602711076 0.3457291190866691 0.34573726983469616 0.3659167713371071 0.35175216589498753 0.0 0.38434869164758884
0.16853047423027276 0.2855144005215819 0.21329114069016522 0.16852900120800618 0.25645666802572886 0.554547254049917 0.28319240349810004 0.30378506048719894 0.25163255617605323 0.35648128524961653 0.1685266083468358 0.2691946799423946 0.16852861929058185 0.2512389507026478 0.1685288588009752 0.22013702161682744 0.1685513192905608 0.16853159640788484 0.31022241125008077 0.24364446300785267 0.0 0.24543049992258756
0.2088485492183584 0.3419595699957823 0.2863341818157131 0.20884897393995927 0.3189991643312945 0.5988727458290951 0.32169900350368164 0.3330043626768624 0.32053660954691143 0.38837898473675025 0.2691946799423946 0.20884457453407435 0.20885709575029002 0.30254252405116 0.20884739803023794 0.2838447762900716 0.2088521169837918 0.20885021592600345 0.3073282699005474 0.25599990140888057 0.0 0.28649507565201277
