2.429837635548009 2.4300544589652495 4.358099282680907 4.85400987047143 4.685558201311374 4.3851656449459036 4.2862141207599205 3.955488067292704 4.777647154878055 4.853858014498606 2.429839984181894 4.821802201143146 4.6635650500260954 4.427644036887226 4.845110964738098 4.817180090509287 4.757161623248269 4.499728185629277 4.8399374006046205 4.381250151344344 0.0 4.106880000166079
2.4300544589652495 2.2640959287914293 2.408700430143703 2.4240288107057153 2.2640973275144005 2.4264137771375287 2.406597955482042 2.4055195193498538 2.439934483940501 2.423991254993148 2.3995767410075364 2.459752930735953 2.2640980493531844 2.3952417281620013 2.4608462511538156 2.387980173477255 2.380654547210202 2.6166015880615827 2.4250035438968767 2.2975462666184425 0.0 2.3968655998569313
4.358099282680907 2.408700430143703 2.4086745905820997 4.8326316209995674 4.6018042456817625 4.046621757493841 4.815240404162806 4.735185901742447 4.847395475049567 4.395805915516733 2.408679789307742 4.803060070516975 4.000875110848575 4.232627852720513 3.61948139773046 4.781620150991081 4.725096209170426 4.720359653166681 4.802197127261054 4.706151709413378 0.0 4.146016513495756
4.85400987047143 2.4240288107057153 4.8326316209995674 2.424023155830631 4.673981272884159 4.736426662602869 4.830583355388341 4.144797697660919 4.863321782348704 4.4997411925737225 2.445330026828741 4.715412185108232 4.441698031971371 4.08255297002565 4.200661303126805 4.811800079714096 4.482223703466885 4.67221030370914 4.821397094636733 4.712522583181597 0.0 4.180141481492743
4.685558201311374 2.2640973275144005 4.6018042456817625 4.673981272884159 2.2636289145285144 4.497908070019236 4.521762033497037 3.387000466744543 4.593683511834074 4.6571129084735645 2.6371331466345014 4.652374195323991 4.266251936903239 4.659251674698843 2.53542318267318 4.638810858203684 4.5964880952899785 4.633585660932168 4.499772253707105 4.444395723394763 0.0 4.051123360807564
4.3851656449459036 2.4264137771375287 4.046621757493841 4.736426662602869 4.497908070019236 2.424143923780037 4.069008499347896 4.100653021899585 4.686415033417522 3.882930078113713 2.424157808044558 3.8847507287504897 3.1206235875838004 3.8182305980038773 3.1831889860406086 4.812020533951528 3.641377194443893 4.918961134972561 4.415064066409248 3.275545183899387 0.0 3.746851656829814
4.2862141207599205 2.406597955482042 4.815240404162806 4.830583355388341 4.521762033497037 4.069008499347896 2.406594788495181 4.004740430325069 4.239760617161188 4.56709045057275 2.4490979313704275 4.552478000726006 3.3267116804095487 3.990490269033684 4.0919937726515485 4.556028929464751 4.01428426566392 4.633058916183907 4.498798023280731 4.704040354025511 0.0 3.9549377493400777
3.955488067292704 2.4055195193498538 4.735185901742447 4.144797697660919 3.387000466744543 4.100653021899585 4.004740430325069 2.381783769663009 4.2318307856360455 4.795044380934025 2.381787915979861 3.4390340850050056 4.501102807044552 3.8087984024321613 4.358172867742333 4.63370710073254 4.3393169307778505 3.5653272959246203 4.7984865947028075 3.9361186699973016 0.0 3.7996753583274203
4.777647154878055 2.439934483940501 4.847395475049567 4.863321782348704 4.593683511834074 4.686415033417522 4.239760617161188 4.2318307856360455 2.4151161649663915 4.298645603209761 2.415138289269535 4.214085499805903 3.28781867840216 4.450475865596269 4.716760310646652 4.798636654200644 3.7053690822705727 4.430192147734329 4.792475701668682 3.8971952901669944 0.0 4.081326544762432
4.853858014498606 2.423991254993148 4.395805915516733 4.4997411925737225 4.6571129084735645 3.882930078113713 4.56709045057275 4.795044380934025 4.298645603209761 2.4239517771712245 2.423965594353405 4.674129594710551 3.8771917220434124 3.914713406353955 4.016952699486686 4.725503460442798 3.6612832854666104 4.7857291462835985 4.243002888657929 4.712926658061026 0.0 4.035820296694683
2.429839984181894 2.3995767410075364 2.408679789307742 2.445330026828741 2.6371331466345014 2.424157808044558 2.4490979313704275 2.381787915979861 2.415138289269535 2.423965594353405 2.380051501357317 2.408914935262194 2.50461484995717 2.448742026042673 2.4156337267388444 2.387952091522925 2.380574729794045 2.510426805089984 2.4167820099908583 2.4163034066568185 0.0 2.4189955692505953
4.821802201143146 2.459752930735953 4.803060070516975 4.715412185108232 4.652374195323991 3.8847507287504897 4.552478000726006 3.4390340850050056 4.214085499805903 4.674129594710551 2.408914935262194 2.408909675495301 3.6267161340500818 4.853628385631933 3.5419537441583095 4.791764141098211 4.085771970811999 4.817496745978779 4.764043851533097 4.2392521042075595 0.0 3.972824179316938
4.6635650500260954 2.2640980493531844 4.000875110848575 4.441698031971371 4.266251936903239 3.1206235875838004 3.3267116804095487 4.501102807044552 3.28781867840216 3.8771917220434124 2.50461484995717 3.6267161340500818 2.2640799622095265 4.188554286454062 4.6032660488713475 4.296109324155022 3.0799834061089424 4.299141645938008 3.971614656296308 3.945797327780392 0.0 3.7291441468091038
4.427644036887226 2.3952417281620013 4.232627852720513 4.08255297002565 4.659251674698843 3.8182305980038773 3.990490269033684 3.8087984024321613 4.450475865596269 3.914713406353955 2.448742026042673 4.853628385631933 4.188554286454062 2.3952370813661004 3.698919571137249 4.783136395912191 4.217258204975974 4.764860767145442 4.819711205324162 4.499714663914015 0.0 3.9295155971611893
4.845110964738098 2.4608462511538156 3.61948139773046 4.200661303126805 2.53542318267318 3.1831889860406086 4.0919937726515485 4.358172867742333 4.716760310646652 4.016952699486686 2.4156337267388444 3.5419537441583095 4.6032660488713475 3.698919571137249 2.4156285270847158 4.40510245457612 4.65974866330119 3.9186738165551227 4.435726537312083 4.081849469178704 0.0 3.7985597288226804
4.817180090509287 2.387980173477255 4.781620150991081 4.811800079714096 4.638810858203684 4.812020533951528 4.556028929464751 4.63370710073254 4.798636654200644 4.725503460442798 2.387952091522925 4.791764141098211 4.296109324155022 4.783136395912191 4.40510245457612 2.3879431984026316 4.741941559897546 4.872398445187616 4.799040640914263 4.6782277278854005 0.0 4.204295815121139
4.757161623248269 2.380654547210202 4.725096209170426 4.482223703466885 4.5964880952899785 3.641377194443893 4.01428426566392 4.3393169307778505 3.7053690822705727 3.6612832854666104 2.380574729794045 4.085771970811999 3.0799834061089424 4.217258204975974 4.65974866330119 4.741941559897546 2.3805662185468726 4.12786784857228 3.8158867168029715 3.6074698841525197 0.0 3.833597199612587
4.499728185629277 2.6166015880615827 4.720359653166681 4.67221030370914 4.633585660932168 4.918961134972561 4.633058916183907 3.5653272959246203 4.430192147734329 4.7857291462835985 2.510426805089984 4.817496745978779 4.299141645938008 4.764860767145442 3.9186738165551227 4.872398445187616 4.12786784857228 2.510411843896273 4.8853197467058935 4.087419472861309 0.0 4.171232743262833
4.8399374006046205 2.4250035438968767 4.802197127261054 4.821397094636733 4.499772253707105 4.415064066409248 4.498798023280731 4.7984865947028075 4.792475701668682 4.243002888657929 2.4167820099908583 4.764043851533097 3.971614656296308 4.819711205324162 4.435726537312083 4.799040640914263 3.8158867168029715 4.8853197467058935 2.416775789070283 4.722477786184132 0.0 4.213994994517159
4.381250151344344 2.2975462666184425 4.706151709413378 4.712522583181597 4.444395723394763 3.275545183899387 4.704040354025511 3.9361186699973016 3.8971952901669944 4.712926658061026 2.4163034066568185 4.2392521042075595 3.945797327780392 4.499714663914015 4.081849469178704 4.6782277278854005 3.6074698841525197 4.087419472861309 4.722477786184132 2.2975441566495567 0.0 3.892536953817755
0.0 0.0 0.0 0.0 0.0 0.0 0.0 0.0 0.0 0.0 0.0 0.0 0.0 0.0 0.0 0.0 0.0 0.0 0.0 0.0 0.0 0.0
4.106880000166079 2.3968655998569313 4.146016513495756 4.180141481492743 4.051123360807564 3.746851656829814 3.9549377493400777 3.7996753583274203 4.081326544762432 4.035820296694683 2.4189955692505953 3.972824179316938 3.7291441468091038 3.9295155971611893 3.7985597288226804 4.204295815121139 3.833597199612587 4.171232743262833 4.213994994517159 3.892536953817755 0.0 2.3860042077644237
2.2862686660593097 2.2862703354724885 3.6346552267782473 4.580277710051429 4.588310647387519 4.508538105038507 2.342622529840298 4.554193714947982 4.571760291531645 4.029792556374758 4.571647919367515 4.555031065268887 4.596839353843664 4.573982580704645 4.5484455607401735 4.53180906445575 4.539680855643867 4.431397131853976 3.5180744442475467 4.48394620206674 0.0 4.0178038153005495
2.2862703354724885 2.2459210018965416 2.2472256846931624 2.2941038632930977 2.305157581391109 2.257945404895199 2.274497501408782 2.2680223678794302 2.2876075503839046 2.3005382957080327 2.285542292981762 2.268847309545679 2.314674095319532 2.2885133659740617 2.2767277666885213 2.246114791470485 2.253472103533431 2.3540871563305914 2.2840651286356426 2.279189454185235 0.0 2.275725404926676
3.6346552267782473 2.2472256846931624 2.247219320462815 4.235772993484777 4.504251972484058 3.9662567388308956 2.2636190726206253 4.491782527341086 4.528230769858044 4.204120453258912 4.301793960552625 4.2003950463937265 4.552319575905051 4.450432171813374 4.486336065088978 3.6801735389004397 4.387022625738479 3.8347341389532716 3.4812158429122744 4.203893494977942 0.0 3.8628135877281413
4.580277710051429 2.2941038632930977 4.235772993484777 2.2940988915067777 4.594951946534628 4.551667517399758 2.4151055076388532 4.5614655706094185 4.581626905704815 4.053779138232183 4.003067685999614 4.562764674050354 4.60090211190565 4.572277168040694 4.543432113363771 4.490115916612559 4.454133800783757 4.18977390431132 3.62431022134766 4.572596879616912 0.0 4.054249485504145
4.588310647387519 2.305157581391109 4.504251972484058 4.594951946534628 2.2896584954976276 4.559047862139469 2.2897381533819776 4.539642329952681 4.532383569094366 4.589958781783003 4.585932439318955 4.517476901211303 4.605392798593282 4.555880315568429 4.576143371218531 4.54753706787905 4.527611676612377 4.595093951146714 4.503039140064684 4.580151276574414 0.0 4.255901079158505
4.508538105038507 2.257945404895199 3.9662567388308956 4.551667517399758 4.559047862139469 2.2579266248064793 2.2772558250669594 4.199656757958454 4.543144954371738 4.498255844572391 4.543242681280693 4.512069806514668 4.570130362186463 4.5402124711052965 4.531565655257375 4.497448783840156 4.503107800987947 4.535009874315586 3.479430601559657 4.516115996123907 0.0 4.087955701665883
2.342622529840298 2.274497501408782 2.2636190726206253 2.4151055076388532 2.2897381533819776 2.2772558250669594 2.13879774568422 2.295700461917934 2.288010386817856 2.3110257153720815 2.298585195048023 2.30888126133665 2.3215608119885 2.2682130408418435 2.3039698282377414 2.295947902098813 2.2435190626652943 2.4235227908065866 2.284092279468282 2.3066333779747508 0.0 2.292974060547248
4.554193714947982 2.2680223678794302 4.491782527341086 4.5614655706094185 4.539642329952681 4.199656757958454 2.295700461917934 2.268019777923871 4.552388727989341 3.8579013693374775 4.548350848515683 4.453387053842269 4.57904325702288 4.519235466282891 4.285998909375108 4.009385523845295 3.974319549636795 3.9736459172132523 4.551975376295388 4.505639495125686 0.0 3.96871566874123
4.571760291531645 2.2876075503839046 4.528230769858044 4.581626905704815 4.532383569094366 4.543144954371738 2.288010386817856 4.552388727989341 2.2875932148069333 4.585891746804059 4.5724069751383976 4.553593402979604 4.59377652842306 4.554946518725398 4.564180021589427 4.532325136676426 4.529445773609784 4.626980797751059 4.517444564071521 4.5648232147843 0.0 4.244050137893985
4.029792556374758 2.3005382957080327 4.204120453258912 4.053779138232183 4.589958781783003 4.498255844572391 2.3110257153720815 3.8579013693374775 4.585891746804059 2.300535522513264 4.58466685412209 4.215224742611832 4.612747106112476 4.5777592242648755 4.569287679041577 4.541011320407041 4.525391621866521 4.518517554122011 3.472435317779817 4.579512893884244 0.0 3.9935893453028486
4.571647919367515 2.285542292981762 4.301793960552625 4.003067685999614 4.585932439318955 4.543242681280693 2.298585195048023 4.548350848515683 4.5724069751383976 4.58466685412209 2.2855399807292844 4.539417534189403 4.599081314933156 4.566660311618641 4.561607976775212 4.53075443320354 4.536876031451944 4.6201090069389315 4.569496168017246 4.564368793929516 0.0 4.049139761144406
4.555031065268887 2.268847309545679 4.2003950463937265 4.562764674050354 4.517476901211303 4.512069806514668 2.30888126133665 4.453387053842269 4.553593402979604 4.215224742611832 4.539417534189403 2.2688447561164455 4.576201869856587 4.542310320971994 4.14622490133208 4.442127580879882 4.359550576730827 4.451773401404865 2.907670353477505 4.214496077865794 0.0 3.9996669583882625
4.596839353843664 2.314674095319532 4.552319575905051 4.60090211190565 4.605392798593282 4.570130362186463 2.3215608119885 4.57904325702288 4.59377652842306 4.612747106112476 4.599081314933156 4.576201869856587 2.314576730707588 4.580483596610726 4.5890785511822845 4.558762193702808 4.559672728434269 4.657759900665639 4.384195686052001 4.592188174520097 0.0 4.265410812476224
4.573982580704645 2.2885133659740617 4.450432171813374 4.572277168040694 4.555880315568429 4.5402124711052965 2.2682130408418435 4.519235466282891 4.554946518725398 4.5777592242648755 4.566660311618641 4.542310320971994 4.580483596610726 2.2682082017147134 4.560662494091222 4.533042685743263 4.510062487242722 4.564819496245746 4.163530547424447 4.566237099647909 0.0 4.182716581487608
4.5484455607401735 2.2767277666885213 4.486336065088978 4.543432113363771 4.576143371218531 4.531565655257375 2.3039698282377414 4.285998909375108 4.564180021589427 4.569287679041577 4.561607976775212 4.14622490133208 4.5890785511822845 4.560662494091222 2.276723074745033 4.516055081972422 4.491007899175467 4.41287052148654 3.530919129057235 4.553899010605873 0.0 4.089032174529036
4.53180906445575 2.246114791470485 3.6801735389004397 4.490115916612559 4.54753706787905 4.497448783840156 2.295947902098813 4.009385523845295 4.532325136676426 4.541011320407041 4.53075443320354 4.442127580879882 4.558762193702808 4.533042685743263 4.516055081972422 2.2461082555623584 4.486444639345579 4.031839094161295 3.507401751916824 4.520295195318337 0.0 3.9821801540310098
4.539680855643867 2.253472103533431 4.387022625738479 4.454133800783757 4.527611676612377 4.503107800987947 2.2435190626652943 3.974319549636795 4.529445773609784 4.525391621866521 4.536876031451944 4.359550576730827 4.559672728434269 4.510062487242722 4.491007899175467 4.486444639345579 2.2435128912155737 4.414925718450338 2.618360927292084 4.4935826395829634 0.0 4.002080120196971
4.431397131853976 2.3540871563305914 3.8347341389532716 4.18977390431132 4.595093951146714 4.535009874315586 2.4235227908065866 3.9736459172132523 4.626980797751059 4.518517554122011 4.6201090069389315 4.451773401404865 4.657759900665639 4.564819496245746 4.41287052148654 4.031839094161295 4.414925718450338 2.3540549679489136 3.9497300030234013 4.552622811459824 0.0 4.10492987977166
3.5180744442475467 2.2840651286356426 3.4812158429122744 3.62431022134766 4.503039140064684 3.479430601559657 2.284092279468282 4.551975376295388 4.517444564071521 3.472435317779817 4.569496168017246 2.907670353477505 4.384195686052001 4.163530547424447 3.530919129057235 3.507401751916824 2.618360927292084 3.9497300030234013 2.284049634460959 4.349629082940741 0.0 3.5650526297914316
4.48394620206674 2.279189454185235 4.203893494977942 4.572596879616912 4.580151276574414 4.516115996123907 2.3066333779747508 4.505639495125686 4.5648232147843 4.579512893884244 4.564368793929516 4.214496077865794 4.592188174520097 4.566237099647909 4.553899010605873 4.520295195318337 4.4935826395829634 4.552622811459824 4.349629082940741 2.279186916119533 0.0 4.093273763978175
0.0 0.0 0.0 0.0 0.0 0.0 0.0 0.0 0.0 0.0 0.0 0.0 0.0 0.0 0.0 0.0 0.0 0.0 0.0 0.0 0.0 0.0
4.0178038153005495 2.275725404926676 3.8628135877281413 4.054249485504145 4.255901079158505 4.087955701665883 2.292974060547248 3.96871566874123 4.244050137893985 3.9935893453028486 4.049139761144406 3.9996669583882625 4.265410812476224 4.182716581487608 4.089032174529036 3.9821801540310098 4.002080120196971 4.10492987977166 3.5650526297914316 4.093273763978175 0.0 2.2634136903268103
2.4112841654616792 2.43422272101547 3.8452649929637666 4.725261784217716 4.505315075064614 4.7929862251538164 2.4112880848811296 4.726781009844722 4.812830465069718 4.813486483161319 4.066671797533802 4.254164309457394 4.800221144488521 3.6173308196036014 4.095612828640715 4.751849214711561 3.753474752877544 4.727824077697672 2.9143493798197597 4.752737804320292 0.0 3.9766497181399907
2.43422272101547 2.2781106529101693 2.2919173567194155 2.3070343729821166 2.529791716898495 2.4292088009459314 2.339222410088954 2.3373052953108022 2.5007155479529692 2.392540994580176 2.4353587783934803 2.378011695865956 2.4156993340014847 2.347387163517099 2.3388316309042576 2.343717862537276 2.3171743859222587 2.3860280583392104 2.3772111643275537 2.3596339604077303 0.0 2.3687686656927154
3.8452649929637666 2.2919173567194155 2.291811961225807 4.290435741010691 4.268723318171551 4.171353576897355 2.291852709852419 3.5104883554056503 4.693681549179883 3.0665846470407296 3.4659288640110004 4.648777032175264 4.618408742328461 4.638273626077666 3.4121676767469014 4.40642128973644 3.497265220117276 4.518725113053257 2.8158761102440097 3.889848092159558 0.0 3.6343119056214928
4.725261784217716 2.3070343729821166 4.290435741010691 2.30702925553132 4.1793744085576545 4.628055713734573 2.3114282979782663 4.424578270874659 4.709901606649077 3.511892061857205 4.742303778372507 4.224011311306604 4.699166790526034 3.132605868302669 4.370810413610655 4.64119783389576 4.231985872460168 4.453667523293131 3.451209201021041 3.9661286761111514 0.0 3.9627250532773663
4.505315075064614 2.529791716898495 4.268723318171551 4.1793744085576545 2.524756703782084 4.957819979752383 2.524772458859648 2.878967712742428 4.924007984651569 3.299288824849078 3.7924783991381754 4.331748059365163 4.906925557298236 4.872077503259214 3.247493154417449 4.180787899923964 2.543739868924692 4.802045282043351 4.6982618147802455 4.004022016854483 0.0 3.7823263697072207
4.7929862251538164 2.4292088009459314 4.171353576897355 4.628055713734573 4.957819979752383 2.4256525903417887 2.4256567804679112 3.9531367355135347 4.825130311374142 3.5508551959959225 4.551545677139263 4.110732930890506 4.810655358127943 3.899757807561751 3.8191908625656965 4.719239277012755 4.692572125205803 4.739834079640286 3.1909828006478893 4.052023619302429 0.0 4.00471584513435
2.4112880848811296 2.339222410088954 2.291852709852419 2.3114282979782663 2.524772458859648 2.4256567804679112 2.2917294589266053 2.315592584258922 2.403030424630083 2.4022426735116698 2.4354009834083494 2.356969055148935 2.390735592873645 2.3474111451226998 2.3062000327410677 2.3437143293974985 2.3171993656809633 2.386289697951203 2.31455722923145 2.3596437626671456 0.0 2.3584360201749823
4.726781009844722 2.3373052953108022 3.5104883554056503 4.424578270874659 2.878967712742428 3.9531367355135347 2.315592584258922 2.3155899177298673 4.717077159348036 4.151884185561907 4.22752838998181 4.58619971357084 4.692569819741764 4.662849218088723 4.022750538593646 4.634926152556912 4.013949092106372 4.032070070382962 4.533136935991637 3.419477285180513 0.0 3.8674872517346226
4.812830465069718 2.5007155479529692 4.693681549179883 4.709901606649077 4.924007984651569 4.825130311374142 2.403030424630083 4.717077159348036 2.4030128593386024 4.799723973651954 4.8369560613692855 4.755698119417805 4.791970467541723 4.748866084305046 4.703229941213084 4.7454737411919465 4.715919659553805 4.784596392157392 4.71062026012216 4.761270019192767 0.0 4.442298463572101
4.813486483161319 2.392540994580176 3.0665846470407296 3.511892061857205 3.299288824849078 3.5508551959959225 2.4022426735116698 4.151884185561907 4.799723973651954 2.3925353472636854 4.546793134982053 3.897399844622177 4.777691962766354 3.8011444863893327 4.352012717221986 4.611308904158395 3.6997927610426555 4.007044602843623 3.0900277487594385 4.7518314779425745 0.0 3.8413570339212613
4.066671797533802 2.4353587783934803 3.4659288640110004 4.742303778372507 3.7924783991381754 4.551545677139263 2.4354009834083494 4.22752838998181 4.8369560613692855 4.546793134982053 2.435355626782264 3.7334769394130944 4.8242650244067296 4.088742471395764 4.138151351668817 4.7788129569122315 4.583705230811076 4.821270804298251 4.415923248994473 4.794837918105274 0.0 3.9598498344003694
4.254164309457394 2.378011695865956 4.648777032175264 4.224011311306604 4.331748059365163 4.110732930890506 2.356969055148935 4.58619971357084 4.755698119417805 3.897399844622177 3.7334769394130944 2.3569656198239692 4.719966976198052 4.7043182781290405 4.622564465670381 4.536082559569486 4.673094491194441 4.193027090309191 3.2785691753392494 4.6684297138729525 0.0 3.9933562457579406
4.800221144488521 2.4156993340014847 4.618408742328461 4.699166790526034 4.906925557298236 4.810655358127943 2.390735592873645 4.692569819741764 4.791970467541723 4.777691962766354 4.8242650244067296 4.719966976198052 2.3907063302636895 4.0556850027385565 4.679811617623621 4.731950570799982 4.688571536695903 4.7715356898849555 4.69323621842268 4.748240989534489 0.0 4.391777101715187
3.6173308196036014 2.347387163517099 4.638273626077666 3.132605868302669 4.872077503259214 3.899757807561751 2.3474111451226998 4.662849218088723 4.748866084305046 3.8011444863893327 4.088742471395764 4.7043182781290405 4.0556850027385565 2.3473746710848795 3.3983237068804075 3.720251127742794 4.531762118014201 4.1132865536382655 3.7778396263448246 3.754267014200922 0.0 3.7726494349526756
4.095612828640715 2.3388316309042576 3.4121676767469014 4.370810413610655 3.247493154417449 3.8191908625656965 2.3062000327410677 4.022750538593646 4.703229941213084 4.352012717221986 4.138151351668817 4.622564465670381 4.679811617623621 3.3983237068804075 2.306194074926032 4.649605743079029 2.9751033291415516 3.848474208959295 3.8282088409859183 4.665587058186094 0.0 3.7963829786929315
4.751849214711561 2.343717862537276 4.40642128973644 4.64119783389576 4.180787899923964 4.719239277012755 2.3437143293974985 4.634926152556912 4.7454737411919465 4.611308904158395 4.7788129569122315 4.536082559569486 4.731950570799982 3.720251127742794 4.649605743079029 2.3437092769236383 4.660719016949698 4.700582104815787 3.0465583706737687 4.641208185215823 0.0 4.128306121126681
3.753474752877544 2.3171743859222587 3.497265220117276 4.231985872460168 2.543739868924692 4.692572125205803 2.3171993656809633 4.013949092106372 4.715919659553805 3.6997927610426555 4.583705230811076 4.673094491194441 4.688571536695903 4.531762118014201 2.9751033291415516 4.660719016949698 2.3171706052422025 3.39103270574379 3.1446077262398044 4.676627030629371 0.0 3.813422423704286
4.727824077697672 2.3860280583392104 4.518725113053257 4.453667523293131 4.802045282043351 4.739834079640286 2.386289697951203 4.032070070382962 4.784596392157392 4.007044602843623 4.821270804298251 4.193027090309191 4.7715356898849555 4.1132865536382655 3.848474208959295 4.700582104815787 3.39103270574379 2.3859992560308654 4.684908718689015 4.673015673220618 0.0 4.14182474497697
2.9143493798197597 2.3772111643275537 2.8158761102440097 3.451209201021041 4.6982618147802455 3.1909828006478893 2.31455722923145 4.533136935991637 4.71062026012216 3.0900277487594385 4.415923248994473 3.2785691753392494 4.69323621842268 3.7778396263448246 3.8282088409859183 3.0465583706737687 3.1446077262398044 4.684908718689015 2.3145516925130982 4.673819045648053 0.0 3.506702086950052
4.752737804320292 2.3596339604077303 3.889848092159558 3.9661286761111514 4.004022016854483 4.052023619302429 2.3596437626671456 3.419477285180513 4.761270019192767 4.7518314779425745 4.794837918105274 4.6684297138729525 4.748240989534489 3.754267014200922 4.665587058186094 4.641208185215823 4.676627030629371 4.673015673220618 4.673819045648053 2.3596272106812597 0.0 4.04247607740469
0.0 0.0 0.0 0.0 0.0 0.0 0.0 0.0 0.0 0.0 0.0 0.0 0.0 0.0 0.0 0.0 0.0 0.0 0.0 0.0 0.0 0.0
3.9766497181399907 2.3687686656927154 3.6343119056214928 3.9627250532773663 3.7823263697072207 4.00471584513435 2.3584360201749823 3.8674872517346226 4.442298463572101 3.8413570339212613 3.9598498344003694 3.9933562457579406 4.391777101715187 3.7726494349526756 3.7963829786929315 4.128306121126681 3.813422423704286 4.14182474497697 3.506702086950052 4.04247607740469 0.0 2.3562636537281194
2.2634862141777594 2.2634884103772563 3.3018048156400175 4.2400458059804595 4.542226773536707 4.526630085341374 4.2284436473715115 4.397538806813282 4.509621907097463 4.6080090701387615 2.4861221319903923 4.45494590021143 4.302351071693715 4.548470095184438 4.365616965079981 4.376898218914515 4.389565682039364 4.506352498245984 4.47585378851527 3.7122457964953037 0.0 3.8670512658159324
2.2634884103772563 2.136341046941266 2.1363415433153605 2.136344386220317 2.2795604510032135 2.264541793856374 2.1963642547477047 2.1363422933844833 2.247588220572425 2.3446338912423657 2.2746268016821793 2.1915665887086426 2.318471594346902 2.2852371124467523 2.1505764500966253 2.1363420164359868 2.153825826069404 2.248366598864054 2.2206120280922352 2.2598510059548964 0.0 2.211546042797311
3.3018048156400175 2.1363415433153605 2.1363342055726577 3.9084090097653847 3.2290383880781284 4.345863578173391 3.698197243388379 4.272478278386196 4.381785006642584 3.479296238004607 2.272903427031948 3.22987371569193 3.922173453525509 3.9462132070581437 2.7566737446068554 4.16311207435951 4.212571593821764 4.168968432584889 4.201486543538803 4.396085370073173 0.0 3.532206084642409
4.2400458059804595 2.136344386220317 3.9084090097653847 2.136339001641553 4.286087762423465 4.399558616451959 4.322179083956167 4.258356468561843 4.383860486180906 3.7610644937005895 2.271968468879398 3.58429799189096 4.425401162140547 4.375525158587359 4.057938263554912 4.236831911504053 4.2872532724216 4.375208568839606 3.487733790088648 3.290163220428428 0.0 3.6984510699342303
4.542226773536707 2.2795604510032135 3.2290383880781284 4.286087762423465 2.279541174805668 4.541543403668985 4.465484994078652 4.415367193006912 4.524734429861205 4.545511081474494 2.4820518767677306 4.459587465635492 4.585685529764218 4.564715369573615 4.408300200501954 4.407524214069169 4.3705013393870695 4.5134690806649695 4.146848222785126 3.028473050053869 0.0 3.966935966963943
4.526630085341374 2.264541793856374 4.345863578173391 4.399558616451959 4.541543403668985 2.2645365296718527 4.459647959710455 4.400319599366251 4.510944163130628 4.6079803565811 2.4058374689291404 4.455082132518724 4.5812094034380895 4.548895363260584 4.413669080020084 4.400249347144874 4.41658859868347 4.510013172588692 4.483439744971742 4.483330405126702 0.0 4.068573335185025
4.2284436473715115 2.1963642547477047 3.698197243388379 4.322179083956167 4.465484994078652 4.459647959710455 2.196360740453986 4.327293336141994 4.442020768478564 4.1897062606888325 2.3302185746183115 4.325203386714778 4.493193568394681 4.32693815131639 3.974319988958912 4.327270758009298 3.8920798519852213 4.436573807966685 3.5780393815454916 4.113995670357179 0.0 3.7900305180439053
4.397538806813282 2.1363422933844833 4.272478278386196 4.258356468561843 4.415367193006912 4.400319599366251 4.327293336141994 2.136340059339014 4.383143463050283 4.480899810835861 2.2994441519286 4.326484991209814 4.453009757761742 4.4207217211691585 4.284538281343057 4.272177804263343 4.2874223719025855 4.382511344476831 4.337143350766149 4.1460087454511125 0.0 3.870432832079818
4.509621907097463 2.247588220572425 4.381785006642584 4.383860486180906 4.524734429861205 4.510944163130628 4.442020768478564 4.383143463050283 2.247557633292087 4.592098121576572 2.4709624346811543 4.4369518568497535 4.555334589034347 4.531865172383835 4.39473127530166 4.382517424687944 4.399913186462067 4.492461969494619 4.461728912635013 4.504000576367823 0.0 4.106538643302463
4.6080090701387615 2.3446338912423657 3.479296238004607 3.7610644937005895 4.545511081474494 4.6079803565811 4.1897062606888325 4.480899810835861 4.592098121576572 2.344628213334713 2.6149830558578375 4.485884084144523 4.65677497554061 4.624009445493991 4.480035423548687 4.451256501144799 4.435947255359492 4.587512157441265 4.498369897457937 4.3691741448692 0.0 4.004548941366719
2.4861221319903923 2.2746268016821793 2.272903427031948 2.271968468879398 2.4820518767677306 2.4058374689291404 2.3302185746183115 2.2994441519286 2.4709624346811543 2.6149830558578375 2.271957593049258 2.3659244694594697 2.664927442385784 2.5404573618353785 2.27196725426451 2.2829667584490547 2.3339353874501336 2.4332356885004427 2.7215541436579507 2.6034128691612453 0.0 2.394137891498857
4.45494590021143 2.1915665887086426 3.22987371569193 3.58429799189096 4.459587465635492 4.455082132518724 4.325203386714778 4.326484991209814 4.4369518568497535 4.485884084144523 2.3659244694594697 2.191562599867602 4.462199600480685 4.4729032441511505 4.2255973108062 4.327848691241678 4.342176471040096 4.406580990146738 3.72152527173721 3.822755726394454 0.0 3.807100952423482
4.302351071693715 2.318471594346902 3.922173453525509 4.425401162140547 4.585685529764218 4.5812094034380895 4.493193568394681 4.453009757761742 4.555334589034347 4.65677497554061 2.664927442385784 4.462199600480685 2.3184590204828677 4.583867727958786 4.449034204275579 4.4499288499930145 4.439269301757208 4.560043704644123 4.348826880184911 3.4149059063227796 0.0 4.051623052477392
4.548470095184438 2.2852371124467523 3.9462132070581437 4.375525158587359 4.564715369573615 4.548895363260584 4.32693815131639 4.4207217211691585 4.531865172383835 4.624009445493991 2.5404573618353785 4.4729032441511505 4.583867727958786 2.285227225311755 4.428409804847521 4.419544392985336 4.297954405165933 4.531140853838939 4.505789564022069 4.355232729133465 0.0 4.054175199123072
4.365616965079981 2.1505764500966253 2.7566737446068554 4.057938263554912 4.408300200501954 4.413669080020084 3.974319988958912 4.284538281343057 4.39473127530166 4.480035423548687 2.27196725426451 4.2255973108062 4.449034204275579 4.428409804847521 2.150567648845102 4.2805655629326065 4.2936590551590434 4.370080508532837 3.078146358485467 4.409363630008383 0.0 3.7833568649170215
4.376898218914515 2.1363420164359868 4.16311207435951 4.236831911504053 4.407524214069169 4.400249347144874 4.327270758009298 4.272177804263343 4.382517424687944 4.451256501144799 2.2829667584490547 4.327848691241678 4.4499288499930145 4.419544392985336 4.2805655629326065 2.1363373382403403 4.289728856286985 4.3718281399032755 4.050426462913491 4.2701242904226255 0.0 3.859184795063549
4.389565682039364 2.153825826069404 4.212571593821764 4.2872532724216 4.3705013393870695 4.41658859868347 3.8920798519852213 4.2874223719025855 4.399913186462067 4.435947255359492 2.3339353874501336 4.342176471040096 4.439269301757208 4.297954405165933 4.2936590551590434 4.289728856286985 2.1538225595471396 4.387876841503788 3.706926379347846 4.412282630111295 0.0 3.8671213441531544
4.506352498245984 2.248366598864054 4.168968432584889 4.375208568839606 4.5134690806649695 4.510013172588692 4.436573807966685 4.382511344476831 4.492461969494619 4.587512157441265 2.4332356885004427 4.406580990146738 4.560043704644123 4.531140853838939 4.370080508532837 4.3718281399032755 4.387876841503788 2.248351818214229 4.443145740822861 3.608283200212005 0.0 4.050877009407942
4.47585378851527 2.2206120280922352 4.201486543538803 3.487733790088648 4.146848222785126 4.483439744971742 3.5780393815454916 4.337143350766149 4.461728912635013 4.498369897457937 2.7215541436579507 3.72152527173721 4.348826880184911 4.505789564022069 3.078146358485467 4.050426462913491 3.706926379347846 4.443145740822861 2.2206023761293676 3.247416498570635 0.0 3.7159620541010563
3.7122457964953037 2.2598510059548964 4.396085370073173 3.290163220428428 3.028473050053869 4.483330405126702 4.113995670357179 4.1460087454511125 4.504000576367823 4.3691741448692 2.6034128691612453 3.822755726394454 3.4149059063227796 4.355232729133465 4.409363630008383 4.2701242904226255 4.412282630111295 3.608283200212005 3.247416498570635 2.259847807749223 0.0 3.7032393854884993
0.0 0.0 0.0 0.0 0.0 0.0 0.0 0.0 0.0 0.0 0.0 0.0 0.0 0.0 0.0 0.0 0.0 0.0 0.0 0.0 0.0 0.0
3.8670512658159324 2.211546042797311 3.532206084642409 3.6984510699342303 3.966935966963943 4.068573335185025 3.7900305180439053 3.870432832079818 4.106538643302463 4.004548941366719 2.394137891498857 3.807100952423482 4.051623052477392 4.054175199123072 3.7833568649170215 3.859184795063549 3.8671213441531544 4.050877009407942 3.7159620541010563 3.7032393854884993 0.0 2.209638795063141
2.9329661973485 2.9409322705295344 3.652697441554504 5.123023921811601 5.171922863479205 5.254466014816587 4.632663297211851 4.385323662214463 4.540214498652899 5.048320957066494 2.932969791293807 5.609751831633877 5.493966160821518 4.777074262207252 5.552720548917821 5.761761690072184 5.759424778620737 4.965502472859522 5.154953291952547 5.212880246066267 0.0 4.616371330134318
2.9409322705295344 2.232670438735681 5.386522569079991 3.0961379761719527 2.232971466291529 3.002491246746226 2.898427116543015 2.836380765799797 7.318029442758798 2.246397663997299 2.84654671856985 5.697928546078225 2.556636729558104 2.2326715228372387 2.908349810725622 2.8918138858605986 3.5323980330221105 2.889040701519619 2.2326711599506672 2.272673889698956 0.0 3.138273992393192
3.652697441554504 5.386522569079991 2.8287687026577277 8.119277775652561 7.6137462991259905 4.015809544501142 6.933078981552003 3.8840804875945723 5.890166211184474 3.774205125256763 2.828774756964222 3.634350467513534 5.786755170742251 5.858939411597243 5.1969014862589935 4.557113863775705 5.020286362362374 3.9237126505450646 4.8425398025189 5.411158962794866 0.0 4.752879817529449
5.123023921811601 3.0961379761719527 8.119277775652561 2.8287698176214318 5.327041317043714 5.809788615943247 5.988493882135447 5.910845243150891 4.612029344050384 4.655696059964737 2.8287743874330196 4.7922334387402765 5.610067839141042 4.5079012781100705 4.677348143594623 4.671004301459261 4.849442135973044 4.719956694176661 5.209143086758993 5.338855227995801 0.0 4.8331692333761875
5.171922863479205 2.232971466291529 7.6137462991259905 5.327041317043714 2.2329460891605493 5.232837617695699 5.129590983553014 5.0674096269292965 9.447504681982824 4.479291546576598 3.007070519072915 5.856314944632752 4.787914512806062 4.462663893678071 5.1386615269827365 5.0684575795763545 5.702698496712059 5.115896060431068 4.462662494776082 4.5045443790801585 0.0 4.890434680196345
5.254466014816587 3.002491246746226 4.015809544501142 5.809788615943247 5.232837617695699 2.964722648426812 5.2550081337595635 3.7831622735315795 4.628961790137972 4.486311811347523 2.9647282437730182 5.8124499420884215 5.545937391491566 4.530415194070043 5.8011680444674845 5.7398584123821905 5.636808673336837 4.959015605162278 5.099670957982961 5.265223406870489 0.0 4.733415821208052
4.632663297211851 2.898427116543015 6.933078981552003 5.988493882135447 5.129590983553014 5.2550081337595635 2.8888311042602384 3.9350293752672054 4.551005214396829 5.104627788905894 2.8888357846580006 5.673029541431886 5.45164111292935 4.800592522894514 4.827179064189337 4.027434046057471 5.003052195004093 4.396717348599755 4.766722224985642 5.170719330473874 0.0 4.562114372828804
4.385323662214463 2.836380765799797 3.8840804875945723 5.910845243150891 5.0674096269292965 3.7831622735315795 3.9350293752672054 2.828770660232529 6.559733718321041 5.082695183780771 2.828774247113232 5.680089147121099 5.3841491591463395 4.17111299639848 5.5141124213479955 5.11501238264152 5.657542112424839 4.552561450118102 4.185502595390302 5.089984451318997 0.0 4.470169204781984
4.540214498652899 7.318029442758798 5.890166211184474 4.612029344050384 9.447504681982824 4.628961790137972 4.551005214396829 6.559733718321041 2.866544512504859 3.606580721680473 2.8666067816357654 3.7538920424123425 5.8240613931084795 4.859233009404008 4.02727867586566 2.8779207285609543 4.743704817090725 5.161894924180317 5.498700321126743 5.802722172452865 0.0 4.733509093917567
5.048320957066494 2.246397663997299 3.774205125256763 4.655696059964737 4.479291546576598 4.486311811347523 5.104627788905894 5.082695183780771 3.606580721680473 2.2463931325608835 3.2402556934781757 5.158987533287457 4.800436428355373 4.478006317020417 4.726900055603567 3.6771473210561925 5.529139779881992 5.059854998672792 4.4677451075098675 4.518278496266441 0.0 4.289922177331745
2.932969791293807 2.84654671856985 2.828774756964222 2.8287743874330196 3.007070519072915 2.9647282437730182 2.8888357846580006 2.828774247113232 2.8666067816357654 3.2402556934781757 2.828774084773082 2.851408236471545 2.9608668297071032 3.0302683822006005 2.836558810663183 2.82888552726083 2.8288880589799645 2.9403501944353554 2.9309006744228414 2.947081527526399 0.0 2.8985471592520837
5.609751831633877 5.697928546078225 3.634350467513534 4.7922334387402765 5.856314944632752 5.8124499420884215 5.673029541431886 5.680089147121099 3.7538920424123425 5.158987533287457 2.851408236471545 2.8514050621509073 5.811113114515158 5.003374451547619 5.40006659452716 4.976871569764087 5.589678471295413 4.941469991184025 5.725804881281314 5.796648159193849 0.0 4.959319543342793
5.493966160821518 2.556636729558104 5.786755170742251 5.610067839141042 4.787914512806062 5.545937391491566 5.45164111292935 5.3841491591463395 5.8240613931084795 4.800436428355373 2.9608668297071032 5.811113114515158 2.5566010451177643 4.789237926121133 5.453889698419889 4.573257601714243 5.78844152405077 5.2892821342043606 4.772297258951936 4.828683916614917 0.0 4.880043171462118
4.777074262207252 2.2326715228372387 5.858939411597243 4.5079012781100705 4.462663893678071 4.530415194070043 4.800592522894514 4.17111299639848 4.859233009404008 4.478006317020417 3.0302683822006005 5.003374451547619 4.789237926121133 2.2326678564002105 4.79572260692125 4.1278627368834275 4.708051275854574 5.061134437972686 4.4631112679595 4.5044834404616605 0.0 4.284050145878896
5.552720548917821 2.908349810725622 5.1969014862589935 4.677348143594623 5.1386615269827365 5.8011680444674845 4.827179064189337 5.5141124213479955 4.02727867586566 4.726900055603567 2.836558810663183 5.40006659452716 5.453889698419889 4.79572260692125 2.8365544500291695 5.542188685546047 5.665314328859164 4.977113897810199 5.124404368703595 5.147993300716589 0.0 4.756095133406745
5.761761690072184 2.8918138858605986 4.557113863775705 4.671004301459261 5.0684575795763545 5.7398584123821905 4.027434046057471 5.11501238264152 2.8779207285609543 3.6771473210561925 2.82888552726083 4.976871569764087 4.573257601714243 4.1278627368834275 5.542188685546047 2.828880469728175 5.477332055521913 5.049306070601948 4.783045483499977 5.1185420451281995 0.0 4.429794045922521
5.759424778620737 3.5323980330221105 5.020286362362374 4.849442135973044 5.702698496712059 5.636808673336837 5.003052195004093 5.657542112424839 4.743704817090725 5.529139779881992 2.8288880589799645 5.589678471295413 5.78844152405077 4.708051275854574 5.665314328859164 5.477332055521913 2.8288836487065057 4.652099747916885 5.63799223503402 5.7720720945664485 0.0 4.932899960048497
4.965502472859522 2.889040701519619 3.9237126505450646 4.719956694176661 5.115896060431068 4.959015605162278 4.396717348599755 4.552561450118102 5.161894924180317 5.059854998672792 2.9403501944353554 4.941469991184025 5.2892821342043606 5.061134437972686 4.977113897810199 5.049306070601948 4.652099747916885 2.881120829329977 5.016189585227076 5.1545819214711495 0.0 4.544488655449237
