0.007272947944164906 0.01045437817420697 0.01014740637182858 0.010149457000591755 0.009272151597094139 0.010032403645772679 0.009863809863784387 0.009441959033042003 0.010396437828103473 0.01058948697542931 0.010860482162002097 0.01004634347801399 0.010417550717627722 0.011440445156989899 0.009459801906035735 0.008846248944904399 0.009352535952903356 0.012357615691604281 0.0112567999430176 0.009744255721255726 0.3037634682231004 0.01131384886092311
0.01045437817420697 0.005931194274199753 0.009501315900577447 0.010644729762292061 0.011031041878681902 0.008550504258601547 0.009787178387331065 0.010415431982188833 0.008931688496600025 0.011695381888409762 0.011394609971375485 0.0074429304177717785 0.010522187797013161 0.011705730926115949 0.009869192001376294 0.009700908655317099 0.010031409450381059 0.011298718905255847 0.011094942601205079 0.011418536403163794 0.3037634682231004 0.010052248339587355
0.01014740637182858 0.009501315900577447 0.005868841904769607 0.007787305979408917 0.010626460632456834 0.009261735694977343 0.009100871141233624 0.00903908058718459 0.00857161917949235 0.012013071112780731 0.011810374460104243 0.008937398162725093 0.010925835599408077 0.01188563736485612 0.009621683753160793 0.008506533377990623 0.009198364767175332 0.012182694266297927 0.010624614532509926 0.011402351829582354 0.3037634682231004 0.0113189302786899
0.010149457000591755 0.010644729762292061 0.007787305979408917 0.005399108159202811 0.011481877369689185 0.009120021781454076 0.007514530696799142 0.009352641280647963 0.00909527441997076 0.012722453299873022 0.012637833389009727 0.009276748376226326 0.011607330267715425 0.012815664977830252 0.009289738855352963 0.009031581434774914 0.009749060526502656 0.017114085726889983 0.011612451760567757 0.01174449152282699 0.3037634682231004 0.01048386420751583
0.009272151597094139 0.011031041878681902 0.010626460632456834 0.011481877369689185 0.003338544334590915 0.0116316324367043 0.011538182139545662 0.010359613858931964 0.010297229932814117 0.009986549905627215 0.010964328742755615 0.011707772161395732 0.00980859527919776 0.0116860518789812 0.010633071369992328 0.009148288143260382 0.009803649130516233 0.012378376929116013 0.0101697283476339 0.009527023246972277 0.3037634682231004 0.010392007754157427
0.010032403645772679 0.008550504258601547 0.009261735694977343 0.009120021781454076 0.0116316324367043 0.006458544279753512 0.008184372703804689 0.010440297832908238 0.00839758053216861 0.0115062852387277 0.011029168748811578 0.008302759227497819 0.010223139364832733 0.011792886621937185 0.009583564699727739 0.009356959498547321 0.009676496302965935 0.012470254725162201 0.01123727045292223 0.0110581505543663 0.3037634682231004 0.010052248328982981
0.009863809863784387 0.009787178387331065 0.009100871141233624 0.007514530696799142 0.011538182139545662 0.008184372703804689 0.0061903908003090044 0.009990609695079674 0.009422024571177048 0.011766481334817691 0.011563346100441945 0.008688561005715625 0.01112704250713875 0.012203758498274571 0.009279465868561708 0.009289173986476499 0.009645929667201975 0.01191192637014273 0.011258226240378172 0.011229816539298443 0.3037634682231004 0.01212119935654363
0.009441959033042003 0.010415431982188833 0.00903908058718459 0.009352641280647963 0.010359613858931964 0.010440297832908238 0.009990609695079674 0.004857275880259162 0.010179848553287569 0.013207107297209099 0.012505111153981001 0.010356363075240092 0.012021461919995587 0.012632270242316524 0.009745096932019194 0.00894621491395719 0.010293622947835429 0.012147371226199018 0.012083633119889315 0.011844749126351313 0.3037634682231004 0.010277841300195371
0.010396437828103473 0.008931688496600025 0.00857161917949235 0.00909527441997076 0.010297229932814117 0.00839758053216861 0.009422024571177048 0.010179848553287569 0.004556548134320755 0.011492857413686296 0.01090274440678263 0.009349387588083452 0.010948170273126641 0.009856034773878204 0.009337358067195638 0.009228107688166788 0.009997581213312236 0.010273373996992744 0.008649802000996904 0.011010746840886711 0.3037634682231004 0.01080214525321578
0.01058948697542931 0.011695381888409762 0.012013071112780731 0.012722453299873022 0.009986549905627215 0.0115062852387277 0.011766481334817691 0.013207107297209099 0.011492857413686296 0.007124019050292296 0.008723985140135213 0.01173435582083237 0.008763425040539022 0.009978151642080465 0.011492508693298462 0.011449144499268822 0.010244969176303298 0.010885593383656344 0.010854641964195003 0.008014689924640349 0.3037634682231004 0.013693566682041662
0.010860482162002097 0.011394609971375485 0.011810374460104243 0.012637833389009727 0.010964328742755615 0.011029168748811578 0.011563346100441945 0.012505111153981001 0.01090274440678263 0.008723985140135213 0.0071694332141409335 0.011487939738293228 0.008238680047511623 0.009282915390319417 0.011217824364221526 0.01133586870712612 0.010684450450874645 0.010472241355739945 0.01027643936368607 0.009214743743916096 0.3037634682231004 0.01057004222715635
0.01004634347801399 0.0074429304177717785 0.008937398162725093 0.009276748376226326 0.011707772161395732 0.008302759227497819 0.008688561005715625 0.010356363075240092 0.009349387588083452 0.01173435582083237 0.011487939738293228 0.006504375672352149 0.010669853050245913 0.012203757929138413 0.00947375391311472 0.00938484476573954 0.009421238734933335 0.01205389906236718 0.011149186492054243 0.011192906357577304 0.3037634682231004 0.010672025645365684
0.010417550717627722 0.010522187797013161 0.010925835599408077 0.011607330267715425 0.00980859527919776 0.010223139364832733 0.01112704250713875 0.012021461919995587 0.010948170273126641 0.008763425040539022 0.008238680047511623 0.010669853050245913 0.005992965046901659 0.009111028869968627 0.011399304820363613 0.0104830563273209 0.009960157583343234 0.011253235970582616 0.010319230755932138 0.009294926935930217 0.3037634682231004 0.010933706786627964
0.011440445156989899 0.011705730926115949 0.01188563736485612 0.012815664977830252 0.0116860518789812 0.011792886621937185 0.012203758498274571 0.012632270242316524 0.009856034773878204 0.009978151642080465 0.009282915390319417 0.012203757929138413 0.009111028869968627 0.005791546542321435 0.011799643952496738 0.011187001342574896 0.010995342071177017 0.008715073809760521 0.007491922586451385 0.01022377460537522 0.3037634682231004 0.010888231286791597
0.009459801906035735 0.009869192001376294 0.009621683753160793 0.009289738855352963 0.010633071369992328 0.009583564699727739 0.009279465868561708 0.009745096932019194 0.009337358067195638 0.011492508693298462 0.011217824364221526 0.00947375391311472 0.011399304820363613 0.011799643952496738 0.0030102005901222573 0.00856961267845787 0.009311931037864358 0.01172734090569937 0.012075296515532226 0.010762433027243628 0.3037634682231004 0.009711369186356927
0.008846248944904399 0.009700908655317099 0.008506533377990623 0.009031581434774914 0.009148288143260382 0.009356959498547321 0.009289173986476499 0.00894621491395719 0.009228107688166788 0.011449144499268822 0.01133586870712612 0.00938484476573954 0.0104830563273209 0.011187001342574896 0.00856961267845787 0.006537446230013748 0.008032389118679758 0.011246343004025591 0.010609576045445173 0.010529693644774461 0.3037634682231004 0.009455324501878554
0.009352535952903356 0.010031409450381059 0.009198364767175332 0.009749060526502656 0.009803649130516233 0.009676496302965935 0.009645929667201975 0.010293622947835429 0.009997581213312236 0.010244969176303298 0.010684450450874645 0.009421238734933335 0.009960157583343234 0.010995342071177017 0.009311931037864358 0.008032389118679758 0.0064404686667531505 0.01195638070516921 0.010958913513510516 0.009733911336293165 0.3037634682231004 0.011600324879845454
0.012357615691604281 0.011298718905255847 0.012182694266297927 0.017114085726889983 0.012378376929116013 0.012470254725162201 0.01191192637014273 0.012147371226199018 0.010273373996992744 0.010885593383656344 0.010472241355739945 0.01205389906236718 0.011253235970582616 0.008715073809760521 0.01172734090569937 0.011246343004025591 0.01195638070516921 0.0029298693330610795 0.0082145528440501 0.011787298239505684 0.3037634682231004 0.011370990177887754
0.0112567999430176 0.011094942601205079 0.010624614532509926 0.011612451760567757 0.0101697283476339 0.01123727045292223 0.011258226240378172 0.012083633119889315 0.008649802000996904 0.010854641964195003 0.01027643936368607 0.011149186492054243 0.010319230755932138 0.007491922586451385 0.012075296515532226 0.010609576045445173 0.010958913513510516 0.0082145528440501 0.005351412735434588 0.011123151315607396 0.3037634682231004 0.011017965740506737
0.009744255721255726 0.011418536403163794 0.011402351829582354 0.01174449152282699 0.009527023246972277 0.0110581505543663 0.011229816539298443 0.011844749126351313 0.011010746840886711 0.008014689924640349 0.009214743743916096 0.011192906357577304 0.009294926935930217 0.01022377460537522 0.010762433027243628 0.010529693644774461 0.009733911336293165 0.011787298239505684 0.011123151315607396 0.007138856056971675 0.3037634682231004 0.011444815970397535
0.3037634682231004 0.3037634682231004 0.3037634682231004 0.3037634682231004 0.3037634682231004 0.3037634682231004 0.3037634682231004 0.3037634682231004 0.3037634682231004 0.3037634682231004 0.3037634682231004 0.3037634682231004 0.3037634682231004 0.3037634682231004 0.3037634682231004 0.3037634682231004 0.3037634682231004 0.3037634682231004 0.3037634682231004 0.3037634682231004 0.29055636090905257 0.3037634682231004
0.01131384886092311 0.010052248339587355 0.0113189302786899 0.01048386420751583 0.010392007754157427 0.010052248328982981 0.01212119935654363 0.010277841300195371 0.01080214525321578 0.013693566682041662 0.01057004222715635 0.010672025645365684 0.010933706786627964 0.010888231286791597 0.009711369186356927 0.009455324501878554 0.011600324879845454 0.011370990177887754 0.011017965740506737 0.011444815970397535 0.3037634682231004 0.006229384503251834
0.007272947943802257 0.010454378174013457 0.010147406371340381 0.010149456999937849 0.009272151596893421 0.010032403644047597 0.009863809863376014 0.009441959032800328 0.010396437826575374 0.010589486975555536 0.010860482161929667 0.01004634347882387 0.010417550717433222 0.011440445156528612 0.009459801904652601 0.00884624894486479 0.009352535952373038 0.012357615703992604 0.011256799941657231 0.009744255720753632 0.3037634682231004 0.00986519582554231
0.010454378174013457 0.00593119427469954 0.009501315902484273 0.010644729761985827 0.011031041881447191 0.008550504259010664 0.009787178388042012 0.010415431981670761 0.00893168849581024 0.011695381887390041 0.011394609971601785 0.007442930418971186 0.010522187796551957 0.011705730925606905 0.009869192000408636 0.009700908655268115 0.010031409452005953 0.011298718907089292 0.011094942599132558 0.011418536403030356 0.3037634682231004 0.010052248335704818
0.010147406371340381 0.009501315902484273 0.005868841905237378 0.007787305980185992 0.010626460631964351 0.009261735694909838 0.009100871141856303 0.009039080587383376 0.0085716191805294 0.012013071112411127 0.011810374459823572 0.00893739816351447 0.010925835824210379 0.011885637364847358 0.009621683752098282 0.008506533377997115 0.009198364774943181 0.01218269429261933 0.010624614530544552 0.011402351830314237 0.3037634682231004 0.01125267197559566
0.010149456999937849 0.010644729761985827 0.007787305980185992 0.005399108159846618 0.011481877378779516 0.009120021781176386 0.007514530697324967 0.009352641283690528 0.009095274418989874 0.012722453303152258 0.012637833389332184 0.009276748375440402 0.011607330272103998 0.012815664982850734 0.009289738856214848 0.009031581435492795 0.009749060526156438 0.01290381786056266 0.011612451757594556 0.011744491522022617 0.3037634682231004 0.010051543585306756
0.009272151596893421 0.011031041881447191 0.010626460631964351 0.011481877378779516 0.0033385443346413343 0.011631632442923926 0.011538182138620491 0.0103596138548957 0.010297229947378141 0.009986549902923695 0.010964328742975088 0.011707772164792692 0.009808595276792667 0.011686051894034634 0.010633071366349502 0.009148288143288849 0.009803649130240783 0.012586090848800887 0.010169728347244073 0.009527023246568839 0.3037634682231004 0.010392007754246736
0.010032403644047597 0.008550504259010664 0.009261735694909838 0.009120021781176386 0.011631632442923926 0.006458544280376574 0.008184372703964165 0.01044029782707345 0.00839758053108019 0.011506285237042009 0.011029168749211851 0.008302759226258854 0.010223139364740091 0.011792886623363428 0.009583564700031992 0.009356959498107293 0.009676496302609377 0.012470254726643926 0.011237270459033584 0.011058150553230658 0.3037634682231004 0.009819016780073865
0.009863809863376014 0.009787178388042012 0.009100871141856303 0.007514530697324967 0.011538182138620491 0.008184372703964165 0.006190390800543223 0.009990609694625252 0.009422024551884838 0.011766481337516944 0.011563346100946883 0.008688561004020776 0.011127042503363344 0.012203758499621202 0.00927946586722574 0.009289173986474315 0.00964592967942871 0.011911926368897766 0.011258226241295327 0.011229816537567147 0.3037634682231004 0.009919112405807163
0.009441959032800328 0.010415431981670761 0.009039080587383376 0.009352641283690528 0.0103596138548957 0.01044029782707345 0.009990609694625252 0.00485727588081487 0.010179848553495211 0.013207107296503815 0.012505111154528256 0.010356363075059286 0.012021461907510812 0.012632270239836577 0.009745096932123266 0.008946214914466663 0.01029362294781252 0.012147371219486478 0.012083633121784466 0.011844749127075428 0.3037634682231004 0.010277841308404052
0.010396437826575374 0.00893168849581024 0.0085716191805294 0.009095274418989874 0.010297229947378141 0.00839758053108019 0.009422024551884838 0.010179848553495211 0.00455654809458999 0.01149285743855985 0.010902744405888745 0.009349387587294233 0.010948170278959085 0.009856034774690974 0.009337358068152375 0.009228107688314039 0.009997581213514451 0.010273373997443176 0.008649802000128468 0.011010746840760387 0.3037634682231004 0.009819016823009572
0.010589486975555536 0.011695381887390041 0.012013071112411127 0.012722453303152258 0.009986549902923695 0.011506285237042009 0.011766481337516944 0.013207107296503815 0.01149285743855985 0.0071240190509319935 0.008723985140308971 0.011734355820598594 0.008763425041631055 0.009978151641314003 0.011492508693946838 0.011449144499592393 0.01024496917509732 0.010885593380541098 0.010854641962886855 0.008014689924600958 0.3037634682231004 0.012352800763604024
0.010860482161929667 0.011394609971601785 0.011810374459823572 0.012637833389332184 0.010964328742975088 0.011029168749211851 0.011563346100946883 0.012505111154528256 0.010902744405888745 0.008723985140308971 0.0071694332136089285 0.011487939738240076 0.008238680047636933 0.009282915390384137 0.011217824364222237 0.011335868705917233 0.010684450450741144 0.010472241355114705 0.010276439363824125 0.009214743743784014 0.3037634682231004 0.010570042200038984
0.01004634347882387 0.007442930418971186 0.00893739816351447 0.009276748375440402 0.011707772164792692 0.008302759226258854 0.008688561004020776 0.010356363075059286 0.009349387587294233 0.011734355820598594 0.011487939738240076 0.006504375672865526 0.010669853049472872 0.012203757931492467 0.009473753912133728 0.009384844765360435 0.009421238734945736 0.012053899066785514 0.011149186494376715 0.011192906358269345 0.3037634682231004 0.010481329656547356
0.010417550717433222 0.010522187796551957 0.010925835824210379 0.011607330272103998 0.009808595276792667 0.010223139364740091 0.011127042503363344 0.012021461907510812 0.010948170278959085 0.008763425041631055 0.008238680047636933 0.010669853049472872 0.005992965043845295 0.009111028869453013 0.011399304822996352 0.010483056326768093 0.0099601575828312 0.011253235986064624 0.010319230758021557 0.009294926937475375 0.3037634682231004 0.01019883689419656
0.011440445156528612 0.011705730925606905 0.011885637364847358 0.012815664982850734 0.011686051894034634 0.011792886623363428 0.012203758499621202 0.012632270239836577 0.009856034774690974 0.009978151641314003 0.009282915390384137 0.012203757931492467 0.009111028869453013 0.005791546543250279 0.011799643949918044 0.011187001342825484 0.010995342071977393 0.008715073811381365 0.007491922585685247 0.01022377460618863 0.3037634682231004 0.010893394241505984
0.009459801904652601 0.009869192000408636 0.009621683752098282 0.009289738856214848 0.010633071366349502 0.009583564700031992 0.00927946586722574 0.009745096932123266 0.009337358068152375 0.011492508693946838 0.011217824364222237 0.009473753912133728 0.011399304822996352 0.011799643949918044 0.0030102005910837 0.008569612678313574 0.009311931037044419 0.011727340906942049 0.012075296515675621 0.010762433026123926 0.3037634682231004 0.010563299273860342
0.00884624894486479 0.009700908655268115 0.008506533377997115 0.009031581435492795 0.009148288143288849 0.009356959498107293 0.009289173986474315 0.008946214914466663 0.009228107688314039 0.011449144499592393 0.011335868705917233 0.009384844765360435 0.010483056326768093 0.011187001342825484 0.008569612678313574 0.006537446231261042 0.00803238911859206 0.011246343007698868 0.010609576045441469 0.010529693644695845 0.3037634682231004 0.009455324512050707
0.009352535952373038 0.010031409452005953 0.009198364774943181 0.009749060526156438 0.009803649130240783 0.009676496302609377 0.00964592967942871 0.01029362294781252 0.009997581213514451 0.01024496917509732 0.010684450450741144 0.009421238734945736 0.0099601575828312 0.010995342071977393 0.009311931037044419 0.00803238911859206 0.0064404686673519 0.01195638069855378 0.010958913515287627 0.009733911335903305 0.3037634682231004 0.010631205987058853
0.012357615703992604 0.011298718907089292 0.01218269429261933 0.01290381786056266 0.012586090848800887 0.012470254726643926 0.011911926368897766 0.012147371219486478 0.010273373997443176 0.010885593380541098 0.010472241355114705 0.012053899066785514 0.011253235986064624 0.008715073811381365 0.011727340906942049 0.011246343007698868 0.01195638069855378 0.002929869331750956 0.008214552849338462 0.011787298237210479 0.3037634682231004 0.011370990200878658
0.011256799941657231 0.011094942599132558 0.010624614530544552 0.011612451757594556 0.010169728347244073 0.011237270459033584 0.011258226241295327 0.012083633121784466 0.008649802000128468 0.010854641962886855 0.010276439363824125 0.011149186494376715 0.010319230758021557 0.007491922585685247 0.012075296515675621 0.010609576045441469 0.010958913515287627 0.008214552849338462 0.005351412736029741 0.011123151315982937 0.3037634682231004 0.01101796574839378
0.009744255720753632 0.011418536403030356 0.011402351830314237 0.011744491522022617 0.009527023246568839 0.011058150553230658 0.011229816537567147 0.011844749127075428 0.011010746840760387 0.008014689924600958 0.009214743743784014 0.011192906358269345 0.009294926937475375 0.01022377460618863 0.010762433026123926 0.010529693644695845 0.009733911335903305 0.011787298237210479 0.011123151315982937 0.007138856057277086 0.3037634682231004 0.01029707055815672
0.3037634682231004 0.3037634682231004 0.3037634682231004 0.3037634682231004 0.3037634682231004 0.3037634682231004 0.3037634682231004 0.3037634682231004 0.3037634682231004 0.3037634682231004 0.3037634682231004 0.3037634682231004 0.3037634682231004 0.3037634682231004 0.3037634682231004 0.3037634682231004 0.3037634682231004 0.3037634682231004 0.3037634682231004 0.3037634682231004 0.29055636090905257 0.3037634682231004
0.00986519582554231 0.010052248335704818 0.01125267197559566 0.010051543585306756 0.010392007754246736 0.009819016780073865 0.009919112405807163 0.010277841308404052 0.009819016823009572 0.012352800763604024 0.010570042200038984 0.010481329656547356 0.01019883689419656 0.010893394241505984 0.010563299273860342 0.009455324512050707 0.010631205987058853 0.011370990200878658 0.01101796574839378 0.01029707055815672 0.3037634682231004 0.006229384503159632
0.0072729479439710126 0.010454378174152339 0.010147406372951261 0.010149456999768056 0.00927215159613437 0.010032403638634202 0.009863809862702867 0.009441959033032594 0.010396437827631383 0.010589486976346499 0.010860482161529942 0.010046343478449809 0.010417550718747245 0.011440445156399501 0.009459801905553738 0.008846248944335354 0.00935253595249912 0.012357615690797559 0.011256799943318442 0.009744255720887598 0.3037634682231004 0.011696708212286001
0.010454378174152339 0.005931194274135635 0.00950131590075285 0.01064472976205699 0.011031041883564225 0.008550504258593751 0.009787178387293146 0.010415431981433663 0.008931688497666955 0.011695381888450306 0.011394609971499471 0.007442930418164714 0.010522187796375409 0.011705730932257649 0.009869192002261518 0.009700908655299045 0.010031409447775278 0.011298718907127869 0.011094942602227358 0.011418536398029276 0.3037634682231004 0.010052248346761005
0.010147406372951261 0.00950131590075285 0.005868841904805343 0.007787305978504084 0.010626460633931313 0.009261735695147575 0.009100871142129945 0.009039080587353249 0.008571619180109027 0.012013071111683536 0.011810374461143584 0.008937398161616088 0.010925835606781238 0.011885637367689142 0.009621683753656888 0.008506533377343336 0.009198364768337021 0.012182694259112435 0.010624614529723277 0.011402351829161649 0.3037634682231004 0.009786266048893356
0.010149456999768056 0.01064472976205699 0.007787305978504084 0.0053991081591824525 0.011481877385425308 0.009120021781702462 0.007514530697540358 0.0093526412805871 0.009095274421127134 0.012722453300627443 0.012637833388539995 0.009276748376214537 0.011607330332570533 0.012815664982230931 0.00928973885844118 0.009031581435634041 0.00974906052796364 0.012903817855934314 0.01161245175827239 0.011744491522330812 0.3037634682231004 0.010051543583981857
0.00927215159613437 0.011031041883564225 0.010626460633931313 0.011481877385425308 0.003338544335010556 0.01163163244233376 0.011538182136215725 0.010359613855224228 0.010297229930439685 0.009986549902344773 0.010964328742969126 0.011707772158891329 0.009808595283144128 0.011686051882301228 0.010633071375488974 0.009148288144670004 0.00980364913139534 0.013208804086005943 0.010169728347196072 0.009527023245429 0.3037634682231004 0.010392007718586227
0.010032403638634202 0.008550504258593751 0.009261735695147575 0.009120021781702462 0.01163163244233376 0.006458544279830014 0.008184372703154003 0.010440297833001884 0.008397580520463192 0.011506285238889843 0.011029168748907288 0.008302759227593517 0.010223139364213003 0.011792886620216304 0.009583564699362071 0.0093569594994018 0.009676496303667986 0.012470254745952886 0.011237270457863288 0.01105815055338134 0.3037634682231004 0.010052248330221624
0.009863809862702867 0.009787178387293146 0.009100871142129945 0.007514530697540358 0.011538182136215725 0.008184372703154003 0.006190390800375882 0.009990609694609664 0.009422024570635488 0.011766481332853953 0.01156334610195728 0.008688561004183267 0.011127042506410537 0.01220375849851413 0.009279465867649727 0.009289173987231213 0.00964592967125226 0.011911926374071763 0.011258226242859394 0.011229816536690293 0.3037634682231004 0.009819647907293923
0.009441959033032594 0.010415431981433663 0.009039080587353249 0.0093526412805871 0.010359613855224228 0.010440297833001884 0.009990609694609664 0.004857275880390995 0.010179848578779075 0.01320710729697645 0.012505111154801891 0.010356363075063352 0.012021461917807676 0.012632270238440556 0.00974509693210019 0.008946214913781647 0.01029362294771749 0.01214737122229211 0.012083633120537526 0.011844749124434008 0.3037634682231004 0.010277841287375529
0.010396437827631383 0.008931688497666955 0.008571619180109027 0.009095274421127134 0.010297229930439685 0.008397580520463192 0.009422024570635488 0.010179848578779075 0.004556548134156763 0.011492857415045252 0.010902744405686494 0.009349387588369052 0.010948170279403594 0.009856034773342291 0.009337358065444544 0.009228107688421448 0.009997581212104948 0.010273373998892027 0.008649802000043243 0.01101074684122095 0.3037634682231004 0.009732930697452834
0.010589486976346499 0.011695381888450306 0.012013071111683536 0.012722453300627443 0.009986549902344773 0.011506285238889843 0.011766481332853953 0.01320710729697645 0.011492857415045252 0.0071240190505618755 0.008723985139283734 0.011734355821259784 0.00876342504009741 0.009978151642678958 0.011492508694755226 0.011449144499906803 0.010244969175039788 0.010885593380425619 0.01085464197254916 0.008014689925977384 0.3037634682231004 0.01542689299148272
0.010860482161529942 0.011394609971499471 0.011810374461143584 0.012637833388539995 0.010964328742969126 0.011029168748907288 0.01156334610195728 0.012505111154801891 0.010902744405686494 0.008723985139283734 0.007169433214024026 0.011487939723128325 0.00823868004750166 0.009282915391270173 0.011217824363942834 0.01133586870705203 0.010684450450920455 0.01047224135535322 0.010276439362841233 0.009214743743543767 0.3037634682231004 0.011125905754049729
0.010046343478449809 0.007442930418164714 0.008937398161616088 0.009276748376214537 0.011707772158891329 0.008302759227593517 0.008688561004183267 0.010356363075063352 0.009349387588369052 0.011734355821259784 0.011487939723128325 0.006504375672344413 0.010669853050691378 0.012203757930295564 0.009473753913113935 0.009384844764504803 0.009421238734466575 0.012053899052446804 0.011149186493713707 0.01119290636009021 0.3037634682231004 0.009840001540418218
0.010417550718747245 0.010522187796375409 0.010925835606781238 0.011607330332570533 0.009808595283144128 0.010223139364213003 0.011127042506410537 0.012021461917807676 0.010948170279403594 0.00876342504009741 0.00823868004750166 0.010669853050691378 0.005992965046574963 0.009111028861225185 0.011399304830195526 0.010483056324536812 0.00996015758363266 0.011253235969825932 0.010319230756874303 0.009294926936439699 0.3037634682231004 0.011718638472992052
0.011440445156399501 0.011705730932257649 0.011885637367689142 0.012815664982230931 0.011686051882301228 0.011792886620216304 0.01220375849851413 0.012632270238440556 0.009856034773342291 0.009978151642678958 0.009282915391270173 0.012203757930295564 0.009111028861225185 0.005791546542423518 0.011799643954381236 0.011187001344401386 0.010995342072480117 0.00871507381267835 0.007491922587230928 0.010223774606202222 0.3037634682231004 0.0108882313228379
0.009459801905553738 0.009869192002261518 0.009621683753656888 0.00928973885844118 0.010633071375488974 0.009583564699362071 0.009279465867649727 0.00974509693210019 0.009337358065444544 0.011492508694755226 0.011217824363942834 0.009473753913113935 0.011399304830195526 0.011799643954381236 0.003010200590437851 0.00856961267929599 0.00931193103800329 0.011727340907702563 0.012075296512645321 0.010762433027731362 0.3037634682231004 0.0097113691081549
0.008846248944335354 0.009700908655299045 0.008506533377343336 0.009031581435634041 0.009148288144670004 0.0093569594994018 0.009289173987231213 0.008946214913781647 0.009228107688421448 0.011449144499906803 0.01133586870705203 0.009384844764504803 0.010483056324536812 0.011187001344401386 0.00856961267929599 0.006537446230183207 0.008032389118951334 0.011246343002925676 0.010609576044410953 0.010529693644781138 0.3037634682231004 0.009455324498593093
0.00935253595249912 0.010031409447775278 0.009198364768337021 0.00974906052796364 0.00980364913139534 0.009676496303667986 0.00964592967125226 0.01029362294771749 0.009997581212104948 0.010244969175039788 0.010684450450920455 0.009421238734466575 0.00996015758363266 0.010995342072480117 0.00931193103800329 0.008032389118951334 0.006440468666878155 0.01195638070053531 0.010958913514812752 0.009733911336568835 0.3037634682231004 0.009744894181920233
0.012357615690797559 0.011298718907127869 0.012182694259112435 0.012903817855934314 0.013208804086005943 0.012470254745952886 0.011911926374071763 0.01214737122229211 0.010273373998892027 0.010885593380425619 0.01047224135535322 0.012053899052446804 0.011253235969825932 0.00871507381267835 0.011727340907702563 0.011246343002925676 0.01195638070053531 0.002929869332642057 0.008214552846327891 0.011787298237167608 0.3037634682231004 0.011370990177864339
0.011256799943318442 0.011094942602227358 0.010624614529723277 0.01161245175827239 0.010169728347196072 0.011237270457863288 0.011258226242859394 0.012083633120537526 0.008649802000043243 0.01085464197254916 0.010276439362841233 0.011149186493713707 0.010319230756874303 0.007491922587230928 0.012075296512645321 0.010609576044410953 0.010958913514812752 0.008214552846327891 0.0053514127350289455 0.011123151316447245 0.3037634682231004 0.011017965764957541
0.009744255720887598 0.011418536398029276 0.011402351829161649 0.011744491522330812 0.009527023245429 0.01105815055338134 0.011229816536690293 0.011844749124434008 0.01101074684122095 0.008014689925977384 0.009214743743543767 0.01119290636009021 0.009294926936439699 0.010223774606202222 0.010762433027731362 0.010529693644781138 0.009733911336568835 0.011787298237167608 0.011123151316447245 0.007138856056932104 0.3037634682231004 0.012120336325212477
0.3037634682231004 0.3037634682231004 0.3037634682231004 0.3037634682231004 0.3037634682231004 0.3037634682231004 0.3037634682231004 0.3037634682231004 0.3037634682231004 0.3037634682231004 0.3037634682231004 0.3037634682231004 0.3037634682231004 0.3037634682231004 0.3037634682231004 0.3037634682231004 0.3037634682231004 0.3037634682231004 0.3037634682231004 0.3037634682231004 0.29055636090905257 0.3037634682231004
0.011696708212286001 0.010052248346761005 0.009786266048893356 0.010051543583981857 0.010392007718586227 0.010052248330221624 0.009819647907293923 0.010277841287375529 0.009732930697452834 0.01542689299148272 0.011125905754049729 0.009840001540418218 0.011718638472992052 0.0108882313228379 0.0097113691081549 0.009455324498593093 0.009744894181920233 0.011370990177864339 0.011017965764957541 0.012120336325212477 0.3037634682231004 0.006229384503190583
0.00727294794340175 0.010454378173792954 0.010147406371630465 0.010149457000225688 0.009272151596694818 0.010032403645693532 0.009863809864271518 0.009441959032816817 0.010396437827769061 0.010589486975216866 0.010860482161869972 0.010046343477533446 0.010417550717729176 0.01144044515788437 0.009459801906307245 0.008846248945125148 0.009352535953187338 0.012357615696340985 0.011256799942661967 0.009744255721178699 0.3037634682231004 0.009865195791020078
0.010454378173792954 0.005931194273972912 0.009501315900584187 0.010644729763009068 0.011031041879739835 0.008550504258532892 0.00978717838698446 0.01041543198206741 0.0089316884966045 0.011695381888398507 0.011394609971054955 0.007442930417852079 0.010522187798284474 0.01170573092676955 0.009869192002021075 0.009700908655457325 0.010031409450350082 0.011298718905501862 0.011094942601063 0.01141853640309708 0.3037634682231004 0.010052248346488876
0.010147406371630465 0.009501315900584187 0.005868841905282705 0.007787305978871743 0.010626460635251614 0.009261735695623764 0.00910087114092558 0.009039080586640704 0.008571619180640705 0.012013071119449511 0.011810374460314238 0.008937398162709182 0.010925835607436915 0.011885637368420368 0.009621683752299758 0.008506533379114563 0.00919836476877131 0.012182694252494998 0.010624614530909729 0.011402351828771886 0.3037634682231004 0.009786266063016556
0.010149457000225688 0.010644729763009068 0.007787305978871743 0.005399108159627882 0.0114818773766288 0.00912002178156767 0.007514530695747423 0.009352641280627938 0.009095274419408713 0.012722453298247872 0.012637833388310753 0.009276748376204192 0.011607330269082446 0.012815664982375269 0.009289738855625103 0.009031581435350608 0.00974906052686893 0.012903817912291298 0.0116124517617474 0.011744491523978108 0.3037634682231004 0.010051543580953257
0.009272151596694818 0.011031041879739835 0.010626460635251614 0.0114818773766288 0.0033385443351720014 0.011631632440967507 0.011538182137047501 0.010359613854699511 0.010297229936245282 0.009986549903274406 0.01096432874509178 0.012704738753619868 0.009808595277153456 0.011686051879495837 0.010633071370965705 0.009148288142637798 0.009803649132707587 0.012378376935992589 0.010169728349264124 0.00952702324576589 0.3037634682231004 0.010392007685246387
0.010032403645693532 0.008550504258532892 0.009261735695623764 0.00912002178156767 0.011631632440967507 0.006458544279699553 0.008184372704209594 0.010440297832816666 0.00839758053130182 0.01150628523885232 0.011029168742873949 0.008302759227485591 0.010223139363405435 0.011792886623073874 0.009583564700886966 0.009356959500139641 0.009676496303515143 0.012470254727207261 0.011237270456238442 0.011058150555560343 0.3037634682231004 0.01212119934260655
0.009863809864271518 0.00978717838698446 0.00910087114092558 0.007514530695747423 0.011538182137047501 0.008184372704209594 0.006190390800396222 0.009990609695333805 0.009422024571421031 0.011766481332807513 0.011563346098919618 0.008688561005778197 0.011127042508675364 0.01220375849844363 0.009279465869168411 0.009289173986066088 0.009645929667110104 0.012083587498822688 0.011258226237915683 0.011229816538650532 0.3037634682231004 0.010023580714213142
0.009441959032816817 0.01041543198206741 0.009039080586640704 0.009352641280627938 0.010359613854699511 0.010440297832816666 0.009990609695333805 0.004857275880728176 0.010179848558953966 0.01320710729712617 0.012505111155733035 0.010356363075466677 0.01202146191952889 0.012632270247803125 0.009745096932573267 0.008946214913671167 0.010293622955407911 0.012147371221059095 0.012083633120794005 0.01184474912509946 0.3037634682231004 0.011900006387030801
0.010396437827769061 0.0089316884966045 0.008571619180640705 0.009095274419408713 0.010297229936245282 0.00839758053130182 0.009422024571421031 0.010179848558953966 0.004556548128017619 0.011492857417857688 0.01090274440611255 0.009349387588197951 0.010948170276020398 0.009856034777239803 0.009337358068631948 0.009228107689881823 0.009997581212802722 0.010273374000891535 0.008649802000291428 0.011010746841921385 0.3037634682231004 0.012402892884802305
0.010589486975216866 0.011695381888398507 0.012013071119449511 0.012722453298247872 0.009986549903274406 0.01150628523885232 0.011766481332807513 0.01320710729712617 0.011492857417857688 0.007124019050214347 0.008723985141401387 0.011734355821873816 0.008763425039839642 0.009978151643178626 0.011492508694389062 0.011449144500001814 0.010244969177400642 0.01088559338327872 0.010854641965027893 0.008014689925627979 0.3037634682231004 0.01071113070772515
0.010860482161869972 0.011394609971054955 0.011810374460314238 0.012637833388310753 0.01096432874509178 0.011029168742873949 0.011563346098919618 0.012505111155733035 0.01090274440611255 0.008723985141401387 0.007169433213889602 0.011487939738094513 0.00823868004820364 0.009282915389815469 0.011217824363787989 0.0113358687073557 0.01068445045194259 0.010472241355332493 0.010276439363307648 0.009214743743383057 0.3037634682231004 0.010570042203533725
0.010046343477533446 0.007442930417852079 0.008937398162709182 0.009276748376204192 0.012704738753619868 0.008302759227485591 0.008688561005778197 0.010356363075466677 0.009349387588197951 0.011734355821873816 0.011487939738094513 0.006504375672407467 0.01066985304995345 0.012203757929485581 0.009473753913170369 0.009384844765403546 0.009421238734887571 0.012053899049575913 0.011149186491652882 0.011192906357440876 0.3037634682231004 0.010334332039523135
0.010417550717729176 0.010522187798284474 0.010925835607436915 0.011607330269082446 0.009808595277153456 0.010223139363405435 0.011127042508675364 0.01202146191952889 0.010948170276020398 0.008763425039839642 0.00823868004820364 0.01066985304995345 0.005992965046871597 0.009111028869777722 0.011399304822752704 0.010483056325099566 0.00996015758241988 0.01125323596887857 0.010319230755899496 0.009294926935823579 0.3037634682231004 0.011537219827798607
0.01144044515788437 0.01170573092676955 0.011885637368420368 0.012815664982375269 0.011686051879495837 0.011792886623073874 0.01220375849844363 0.012632270247803125 0.009856034777239803 0.009978151643178626 0.009282915389815469 0.012203757929485581 0.009111028869777722 0.005791546543052099 0.011799643950644752 0.011187001342226346 0.01099534207056502 0.008715073809584136 0.007491922585738026 0.010223774604928109 0.3037634682231004 0.01140710940761793
0.009459801906307245 0.009869192002021075 0.009621683752299758 0.009289738855625103 0.010633071370965705 0.009583564700886966 0.009279465869168411 0.009745096932573267 0.009337358068631948 0.011492508694389062 0.011217824363787989 0.009473753913170369 0.011399304822752704 0.011799643950644752 0.0030102005908421874 0.00856961267869729 0.009311931039984749 0.011727340908762929 0.012075296511907654 0.010762433026938708 0.3037634682231004 0.009711369115213302
0.008846248945125148 0.009700908655457325 0.008506533379114563 0.009031581435350608 0.009148288142637798 0.009356959500139641 0.009289173986066088 0.008946214913671167 0.009228107689881823 0.011449144500001814 0.0113358687073557 0.009384844765403546 0.010483056325099566 0.011187001342226346 0.00856961267869729 0.006537446230305396 0.008032389124506933 0.011246343002628023 0.010609576045571133 0.01052969364456613 0.3037634682231004 0.009455324493828098
0.009352535953187338 0.010031409450350082 0.00919836476877131 0.00974906052686893 0.009803649132707587 0.009676496303515143 0.009645929667110104 0.010293622955407911 0.009997581212802722 0.010244969177400642 0.01068445045194259 0.009421238734887571 0.00996015758241988 0.01099534207056502 0.009311931039984749 0.008032389124506933 0.00644046866709361 0.01195638069849697 0.010958913515613313 0.009733911339468465 0.3037634682231004 0.009621320121605596
0.012357615696340985 0.011298718905501862 0.012182694252494998 0.012903817912291298 0.012378376935992589 0.012470254727207261 0.012083587498822688 0.012147371221059095 0.010273374000891535 0.01088559338327872 0.010472241355332493 0.012053899049575913 0.01125323596887857 0.008715073809584136 0.011727340908762929 0.011246343002628023 0.01195638069849697 0.0029298693339759375 0.008214552845614941 0.011787298241146237 0.3037634682231004 0.011370990182342115
0.011256799942661967 0.011094942601063 0.010624614530909729 0.0116124517617474 0.010169728349264124 0.011237270456238442 0.011258226237915683 0.012083633120794005 0.008649802000291428 0.010854641965027893 0.010276439363307648 0.011149186491652882 0.010319230755899496 0.007491922585738026 0.012075296511907654 0.010609576045571133 0.010958913515613313 0.008214552845614941 0.00535141273602851 0.011123151314281278 0.3037634682231004 0.011017965759948277
0.009744255721178699 0.01141853640309708 0.011402351828771886 0.011744491523978108 0.00952702324576589 0.011058150555560343 0.011229816538650532 0.01184474912509946 0.011010746841921385 0.008014689925627979 0.009214743743383057 0.011192906357440876 0.009294926935823579 0.010223774604928109 0.010762433026938708 0.01052969364456613 0.009733911339468465 0.011787298241146237 0.011123151314281278 0.0071388560568946225 0.3037634682231004 0.010297069324969925
0.3037634682231004 0.3037634682231004 0.3037634682231004 0.3037634682231004 0.3037634682231004 0.3037634682231004 0.3037634682231004 0.3037634682231004 0.3037634682231004 0.3037634682231004 0.3037634682231004 0.3037634682231004 0.3037634682231004 0.3037634682231004 0.3037634682231004 0.3037634682231004 0.3037634682231004 0.3037634682231004 0.3037634682231004 0.3037634682231004 0.29055636090905257 0.3037634682231004
